Начинаю тестирование 

TEST 30:
8
60 80 40 60 60 80 40 60 
25
10 5 20 10 5 10 10 20 20 5 10 10 10 10 10 5 5 20 5 10 20 10 20 20 5 
  0  50   0   0   0   0  10  10  50   0   0 100   0   0   0  50  10   0   0   0 100   0 100 100  10 
 50   0  10   0   0  50   0   0 100   0  10   0 100   0   0  50  50  50   0 100  10   0   0  50 100 
  0  10   0  50   0   0   0  50   0  50   0   0  10  10   0 100   0  50   0 100   0  10   0  50   0 
  0   0  50   0   0   0  10   0   0   0  50   0  10  10 100   0  50   0 100   0 100   0   0   0 100 
  0   0   0   0   0 100   0   0  50   0 100  50  50  50   0  50   0   0  50  50   0 100   0 100   0 
  0  50   0   0 100   0   0   0   0   0 100  50   0   0   0   0  50 100 100   0  10   0  10  10   0 
 10   0   0  10   0   0   0 100   0  50  10  10   0   0  50 100   0   0 100   0   0 100   0   0   0 
 10   0  50   0   0   0 100   0   0   0   0 100   0   0  10 100   0  50   0 100  50  10   0   0   0 
 50 100   0   0  50   0   0   0   0   0 100   0   0   0   0  50   0   0   0   0 100   0   0   0 100 
  0   0  50   0   0   0  50   0   0   0   0   0  10   0   0  10  10  10   0  50   0  10   0   0 100 
  0  10   0  50 100 100  10   0 100   0   0  50  50  50   0   0   0   0 100  50  50   0   0  50 100 
100   0   0   0  50  50  10 100   0   0  50   0  50 100  10   0  10   0 100   0 100   0   0  10   0 
  0 100  10  10  50   0   0   0   0  10  50  50   0 100   0   0 100   0   0  50  50  50   0   0  10 
  0   0  10  10  50   0   0   0   0   0  50 100 100   0   0 100  10  50  50  50  10   0   0   0   0 
  0   0   0 100   0   0  50  10   0   0   0  10   0   0   0 100 100   0  50   0  50  50  50   0   0 
 50  50 100   0  50   0 100 100  50  10   0   0   0 100 100   0   0 100  10   0   0  50   0  50   0 
 10  50   0  50   0  50   0   0   0  10   0  10 100  10 100   0   0   0   0   0   0  10   0   0  10 
  0  50  50   0   0 100   0  50   0  10   0   0   0  50   0 100   0   0 100  10 100 100   0 100   0 
  0   0   0 100  50 100 100   0   0   0 100 100   0  50  50  10   0 100   0  50   0   0   0   0  50 
  0 100 100   0  50   0   0 100   0  50  50   0  50  50   0   0   0  10  50   0 100   0   0   0 100 
100  10   0 100   0  10   0  50 100   0  50 100  50  10  50   0   0 100   0 100   0  50  50   0  50 
  0   0  10   0 100   0 100  10   0  10   0   0  50   0  50  50  10 100   0   0  50   0   0 100   0 
100   0   0   0   0  10   0   0   0   0   0   0   0   0  50   0   0   0   0   0  50   0   0   0  50 
100  50  50   0 100  10   0   0   0   0  50  10   0   0   0  50   0 100   0   0   0 100   0   0   0 
 10 100   0 100   0   0   0   0 100 100 100   0  10   0   0   0  10   0  50 100  50   0  50   0   0 

OUT: 
2 2 4 4 6 6 1 2 6 4 6 2 6 6 4 6 6 1 6 2 2 1 5 1 2 
Quality of solution = 0.617284
Working time = 0.000276203s


TEST 31:
8
60 60 40 60 60 40 80 100 
22
10 20 20 20 10 5 20 5 20 10 5 5 10 10 10 20 20 20 20 10 20 10 
  0   0   0 100 100 100   0   0 100  50  10 100  50  10 100   0   0   0  10   0   0  10 
  0   0  10 100   0  10  50   0  50   0 100 100 100 100 100  50   0 100  10   0  50   0 
  0  10   0   0  50   0   0   0   0  50   0   0   0 100   0  50  10   0 100   0   0   0 
100 100   0   0  10   0   0   0 100   0  10   0   0   0   0   0   0   0   0  10   0 100 
100   0  50  10   0  50  50  10   0  10 100  50  50   0 100 100   0 100  10   0   0   0 
100  10   0   0  50   0   0  10  10   0  10 100  50   0   0  10  50  50   0 100   0   0 
  0  50   0   0  50   0   0   0 100  50   0 100   0  50 100   0 100 100 100   0  50  10 
  0   0   0   0  10  10   0   0  10  50 100  10   0  50  10  50  10  50   0  50 100  10 
100  50   0 100   0  10 100  10   0   0  10  10   0   0  10  50  50   0   0   0 100   0 
 50   0  50   0  10   0  50  50   0   0  10   0  50  10   0   0   0 100   0   0   0  10 
 10 100   0  10 100  10   0 100  10  10   0   0  50   0   0   0 100  50  10  50  10  10 
100 100   0   0  50 100 100  10  10   0   0   0   0   0 100  10   0   0  50   0 100   0 
 50 100   0   0  50  50   0   0   0  50  50   0   0 100   0  10   0   0  50  10   0   0 
 10 100 100   0   0   0  50  50   0  10   0   0 100   0   0  10  50   0 100   0  50  50 
100 100   0   0 100   0 100  10  10   0   0 100   0   0   0  10  10   0   0 100   0   0 
  0  50  50   0 100  10   0  50  50   0   0  10  10  10  10   0   0  50  50   0  50   0 
  0   0  10   0   0  50 100  10  50   0 100   0   0  50  10   0   0   0  50   0   0   0 
  0 100   0   0 100  50 100  50   0 100  50   0   0   0   0  50   0   0   0   0  10 100 
 10  10 100   0  10   0 100   0   0   0  10  50  50 100   0  50  50   0   0   0  50  10 
  0   0   0  10   0 100   0  50   0   0  50   0  10   0 100   0   0   0   0   0   0  50 
  0  50   0   0   0   0  50 100 100   0  10 100   0  50   0  50   0  10  50   0   0  50 
 10   0   0 100   0   0  10  10   0  10  10   0   0  50   0   0   0 100  10  50  50   0 

OUT: 
8 8 2 8 8 8 7 1 8 2 1 8 2 1 8 7 1 7 1 4 7 4 
Quality of solution = 0.634409
Working time = 0.000201072s


TEST 32:
8
80 80 80 40 60 60 100 40 
30
5 10 20 5 10 10 10 10 5 10 20 10 5 20 10 10 5 5 10 20 20 5 10 20 20 5 10 10 5 5 
  0   0   0  10   0  10   0   0  50   0   0   0 100   0   0 100  50 100   0   0   0  10  50  10  50   0   0  50 100 100 
  0   0   0   0   0  10   0   0 100   0   0   0   0  50   0  50   0   0   0  10   0 100  10   0   0  10 100 100   0  50 
  0   0   0   0   0  50 100  50   0 100  50 100  10 100  10  10  50   0 100 100  50   0   0 100   0  10   0  50  10 100 
 10   0   0   0 100  50  10   0  50   0   0   0   0 100   0 100  50  10  50   0 100 100  50  10   0   0   0  50 100 100 
  0   0   0 100   0 100  10  50  50 100   0 100   0   0   0 100   0  10 100   0   0 100  50   0   0   0  10   0   0  50 
 10  10  50  50 100   0   0 100   0   0 100  10   0   0  50   0  10 100  50   0 100   0   0   0  10  10 100 100   0   0 
  0   0 100  10  10   0   0   0   0  10   0   0  10  50  50  10   0  50  50   0  50  10   0   0  50  10   0   0   0   0 
  0   0  50   0  50 100   0   0 100   0  50   0 100 100   0 100   0   0   0   0  50 100   0 100 100  50   0   0   0   0 
 50 100   0  50  50   0   0 100   0   0  50   0   0   0 100   0   0   0   0 100   0   0  10  10  50   0   0  10   0  10 
  0   0 100   0 100   0  10   0   0   0 100   0  50 100   0  10  10   0  50 100   0  10   0  50   0 100   0 100   0  10 
  0   0  50   0   0 100   0  50  50 100   0   0   0 100 100   0  50   0   0  10   0   0 100   0   0  50   0 100   0 100 
  0   0 100   0 100  10   0   0   0   0   0   0   0   0  10   0   0   0   0   0  10   0   0   0 100 100  50   0   0   0 
100   0  10   0   0   0  10 100   0  50   0   0   0   0   0  10   0   0  50   0   0   0   0   0   0   0   0  50  10   0 
  0  50 100 100   0   0  50 100   0 100 100   0   0   0  50  50   0  10 100  10   0  10   0 100   0   0 100   0  10  10 
  0   0  10   0   0  50  50   0 100   0 100  10   0  50   0  10   0  50 100   0  10   0   0   0 100   0  10  10   0   0 
100  50  10 100 100   0  10 100   0  10   0   0  10  50  10   0   0   0  50 100   0   0  50   0   0  50   0 100  50  50 
 50   0  50  50   0  10   0   0   0  10  50   0   0   0   0   0   0  50  10 100  10   0   0   0   0   0   0  10   0   0 
100   0   0  10  10 100  50   0   0   0   0   0   0  10  50   0  50   0  10 100 100   0  10  10  10  50   0  50   0  10 
  0   0 100  50 100  50  50   0   0  50   0   0  50 100 100  50  10  10   0  50   0  50  10 100   0   0 100  50 100   0 
  0  10 100   0   0   0   0   0 100 100  10   0   0  10   0 100 100 100  50   0   0 100   0   0   0   0   0   0   0   0 
  0   0  50 100   0 100  50  50   0   0   0  10   0   0  10   0  10 100   0   0   0  10  50  50  50 100   0 100  50   0 
 10 100   0 100 100   0  10 100   0  10   0   0   0  10   0   0   0   0  50 100  10   0  50   0 100   0   0  10  50   0 
 50  10   0  50  50   0   0   0  10   0 100   0   0   0   0  50   0  10  10   0  50  50   0  10   0   0   0   0  50   0 
 10   0 100  10   0   0   0 100  10  50   0   0   0 100   0   0   0  10 100   0  50   0  10   0 100 100 100  10  50   0 
 50   0   0   0   0  10  50 100  50   0   0 100   0   0 100   0   0  10   0   0  50 100   0 100   0  10  50 100  10 100 
  0  10  10   0   0  10  10  50   0 100  50 100   0   0   0  50   0  50   0   0 100   0   0 100  10   0   0  10   0  50 
  0 100   0   0  10 100   0   0   0   0   0  50   0 100  10   0   0   0 100   0   0   0   0 100  50   0   0 100  10  10 
 50 100  50  50   0 100   0   0  10 100 100   0  50   0  10 100  10  50  50   0 100  10   0  10 100  10 100   0 100   0 
100   0  10 100   0   0   0   0   0   0   0   0  10  10   0  50   0   0 100   0  50  50  50  50  10   0  10 100   0 100 
100  50 100 100  50   0   0   0  10  10 100   0   0  10   0  50   0  10   0   0   0   0   0   0 100  50  10   0 100   0 

OUT: 
3 7 1 1 1 7 6 1 2 7 7 5 6 7 3 1 3 3 7 2 3 1 2 1 3 3 7 7 3 3 
Quality of solution = 0.674777
Working time = 0.000405193s


TEST 33:
8
40 40 60 80 100 100 40 60 
29
10 5 10 10 5 10 20 10 10 10 10 20 10 10 5 20 20 10 10 10 10 10 5 20 10 10 10 5 5 
  0   0   0  10 100  10   0   0   0   0   0   0   0   0 100   0 100 100  10  10  50 100  50 100   0  10 100   0   0 
  0   0 100  50 100   0   0  10  10 100   0   0 100   0  10   0 100   0  50 100  10   0  50  50  10   0  10 100  50 
  0 100   0   0   0   0   0 100  50 100  50   0   0  10  10   0 100   0   0 100   0 100   0   0   0   0  10   0   0 
 10  50   0   0   0   0   0   0   0 100  10 100  10   0  10   0  10   0   0 100  50   0  50   0  50 100 100  10   0 
100 100   0   0   0   0  50 100  10 100  10   0 100   0 100   0  10   0  10  50   0   0   0  50   0   0  50  10   0 
 10   0   0   0   0   0 100 100  10  10  10   0   0 100   0   0   0   0   0   0  10   0   0   0  10  10   0 100 100 
  0   0   0   0  50 100   0   0   0   0   0  50   0 100   0  50   0  10  10 100 100 100   0  10 100   0   0  50   0 
  0  10 100   0 100 100   0   0   0 100  10  10  10 100  10   0   0   0   0   0  50   0  10   0 100   0   0  50   0 
  0  10  50   0  10  10   0   0   0   0  50  50 100 100  10   0   0   0   0   0 100  10   0  50  10   0   0   0   0 
  0 100 100 100 100  10   0 100   0   0   0   0  10   0  50   0  50 100   0  10   0   0   0   0  50  10 100   0 100 
  0   0  50  10  10  10   0  10  50   0   0  10  50  10   0   0  10   0 100 100   0  50  10 100 100  10 100 100   0 
  0   0   0 100   0   0  50  10  50   0  10   0   0 100  10  50 100  10  10   0   0   0   0   0  10 100  10   0 100 
  0 100   0  10 100   0   0  10 100  10  50   0   0   0 100   0  50  50   0   0  50  10  50  50   0 100   0   0   0 
  0   0  10   0   0 100 100 100 100   0  10 100   0   0  50  50 100 100  10   0   0   0  10   0  50   0  50 100   0 
100  10  10  10 100   0   0  10  10  50   0  10 100  50   0   0   0  10  10 100   0  10  10  10 100  50   0   0   0 
  0   0   0   0   0   0  50   0   0   0   0  50   0  50   0   0   0  10  10   0   0   0  50 100   0   0  10   0   0 
100 100 100  10  10   0   0   0   0  50  10 100  50 100   0   0   0  50 100   0  50   0   0  50   0 100   0  10   0 
100   0   0   0   0   0  10   0   0 100   0  10  50 100  10  10  50   0   0   0   0  10 100   0   0   0   0   0   0 
 10  50   0   0  10   0  10   0   0   0 100  10   0  10  10  10 100   0   0   0 100  10 100 100  50  50   0  10   0 
 10 100 100 100  50   0 100   0   0  10 100   0   0   0 100   0   0   0   0   0 100 100  50   0 100   0   0  10  10 
 50  10   0  50   0  10 100  50 100   0   0   0  50   0   0   0  50   0 100 100   0   0   0   0   0 100  10   0  10 
100   0 100   0   0   0 100   0  10   0  50   0  10   0  10   0   0  10  10 100   0   0  50   0   0  50  10 100   0 
 50  50   0  50   0   0   0  10   0   0  10   0  50  10  10  50   0 100 100  50   0  50   0 100   0   0   0 100 100 
100  50   0   0  50   0  10   0  50   0 100   0  50   0  10 100  50   0 100   0   0   0 100   0 100   0 100  50   0 
  0  10   0  50   0  10 100 100  10  50 100  10   0  50 100   0   0   0  50 100   0   0   0 100   0 100   0   0  10 
 10   0   0 100   0  10   0   0   0  10  10 100 100   0  50   0 100   0  50   0 100  50   0   0 100   0   0   0  50 
100  10  10 100  50   0   0   0   0 100 100  10   0  50   0  10   0   0   0   0  10  10   0 100   0   0   0 100  50 
  0 100   0  10  10 100  50  50   0   0 100   0   0 100   0   0  10   0  10  10   0 100 100  50   0   0 100   0 100 
  0  50   0   0   0 100   0   0   0 100   0 100   0   0   0   0   0   0   0  10  10   0 100   0  10  50  50 100   0 

OUT: 
6 5 6 4 6 5 5 5 3 6 5 4 6 5 6 8 6 4 4 5 4 5 4 6 5 4 6 5 4 
Quality of solution = 0.574468
Working time = 0.000338244s


TEST 34:
8
60 60 100 60 40 80 60 40 
28
10 10 10 10 5 5 5 20 20 10 5 5 10 10 10 20 10 5 10 20 10 5 20 20 10 10 5 10 
  0 100 100 100  10   0  50  10   0   0   0   0   0 100  10  10  10  50 100   0   0 100  10   0 100   0   0   0 
100   0   0   0   0  50  10 100   0   0   0  10 100  10   0  10   0   0   0   0   0  10  50  10 100   0 100  50 
100   0   0   0   0  10 100   0   0   0   0  50   0 100  50  10 100   0   0  10  50  50 100  10   0  50 100 100 
100   0   0   0   0   0   0  50   0  10  10   0   0   0 100 100   0  50   0   0  50  10 100   0   0   0  50   0 
 10   0   0   0   0   0   0   0   0   0   0  50  10   0   0   0 100 100  50  50  50   0   0  50   0   0 100   0 
  0  50  10   0   0   0  50   0   0   0  10   0   0   0 100  50  50  50  50   0 100 100   0 100   0   0  10 100 
 50  10 100   0   0  50   0   0  50   0 100 100  50  10   0  50  10   0  50   0  50   0  50  50   0   0   0   0 
 10 100   0  50   0   0   0   0   0 100  10   0   0   0   0  10   0   0 100   0  50 100   0 100   0  50 100  10 
  0   0   0   0   0   0  50   0   0   0   0  10   0   0   0   0  10  50   0   0   0   0  10   0   0  10   0  10 
  0   0   0  10   0   0   0 100   0   0  10   0 100 100  10 100   0 100  10   0   0  10   0 100  10   0   0  10 
  0   0   0  10   0  10 100  10   0  10   0   0 100   0   0 100   0   0  10  50  50 100   0   0  50  50 100   0 
  0  10  50   0  50   0 100   0  10   0   0   0  50   0   0   0   0  50  10  50   0   0  50 100   0  50   0   0 
  0 100   0   0  10   0  50   0   0 100 100  50   0   0   0   0  10 100   0  50   0  50  10  10 100   0  10   0 
100  10 100   0   0   0  10   0   0 100   0   0   0   0  10  50   0  50   0  10  50  10  10  50   0 100  50  10 
 10   0  50 100   0 100   0   0   0  10   0   0   0  10   0  10 100 100   0   0   0  50  10   0   0 100   0   0 
 10  10  10 100   0  50  50  10   0 100 100   0   0  50  10   0   0   0  50 100 100   0  10 100 100   0  10   0 
 10   0 100   0 100  50  10   0  10   0   0   0  10   0 100   0   0 100   0   0   0   0  10   0   0   0   0  50 
 50   0   0  50 100  50   0   0  50 100   0  50 100  50 100   0 100   0  50  10   0   0  10   0   0  10  50   0 
100   0   0   0  50  50  50 100   0  10  10  10   0   0   0  50   0  50   0   0   0 100  50   0 100   0  50  50 
  0   0  10   0  50   0   0   0   0   0  50  50  50  10   0 100   0  10   0   0 100   0   0 100   0 100  10  50 
  0   0  50  50  50 100  50  50   0   0  50   0   0  50   0 100   0   0   0 100   0   0   0   0  10  50   0   0 
100  10  50  10   0 100   0 100   0  10 100   0  50  10  50   0   0   0 100   0   0   0 100   0  10   0 100  10 
 10  50 100 100   0   0  50   0  10   0   0  50  10  10  10  10  10  10  50   0   0 100   0   0 100  10  10   0 
  0  10  10   0  50 100  50 100   0 100   0 100  10  50   0 100   0   0   0 100   0   0   0   0   0   0  10   0 
100 100   0   0   0   0   0   0   0  10  50   0 100   0   0 100   0   0 100   0  10  10 100   0   0   0  50   0 
  0   0  50   0   0   0   0  50  10   0  50  50   0 100 100   0   0  10   0 100  50   0  10   0   0   0   0  10 
  0 100 100  50 100  10   0 100   0   0 100   0  10  50   0  10   0  50  50  10   0 100  10  10  50   0   0 100 
  0  50 100   0   0 100   0  10  10  10   0   0   0  10   0   0  50   0  50  50   0  10   0   0   0  10 100   0 

OUT: 
3 3 3 6 2 6 6 3 2 1 6 2 6 1 2 6 2 6 3 1 6 3 3 1 3 2 3 6 
Quality of solution = 0.592157
Working time = 0.000300103s


TEST 35:
8
60 40 40 60 40 100 80 40 
26
20 20 20 10 5 10 10 10 10 20 5 10 10 10 5 20 5 10 5 5 10 10 5 20 5 5 
  0   0   0 100 100 100   0 100  50 100   0   0  10  10   0   0   0 100   0   0  10  50   0   0   0   0 
  0   0   0   0   0  50   0 100 100  10   0  50  50   0  50   0  50   0   0  50 100   0 100   0  50 100 
  0   0   0   0  10  10   0   0 100   0  50 100  50   0   0  10 100  10   0   0   0  50   0  50 100  50 
100   0   0   0   0 100   0 100   0   0   0  10   0  10  10   0  10 100  10 100  10   0  10 100   0   0 
100   0  10   0   0  10   0  10   0  50   0   0   0   0   0 100   0 100  10   0   0  10 100  10   0   0 
100  50  10 100  10   0   0  10  10 100   0  50  10 100 100  50   0   0 100  10  50 100   0   0   0   0 
  0   0   0   0   0   0   0 100  50  10   0   0   0  50   0  10   0   0  50   0  50   0 100 100  50   0 
100 100   0 100  10  10 100   0   0   0  10 100 100  50   0   0 100   0   0 100   0   0 100   0  50   0 
 50 100 100   0   0  10  50   0   0 100   0  10   0 100  10 100   0 100  50  10  10  50   0 100   0  10 
100  10   0   0  50 100  10   0 100   0  10  50 100   0  10   0  50   0   0   0  50   0   0   0  10  10 
  0   0  50   0   0   0   0  10   0  10   0  10   0  10 100 100   0 100  10   0   0 100   0  10   0  10 
  0  50 100  10   0  50   0 100  10  50  10   0   0   0  50  10  10   0   0   0   0 100   0  50   0  10 
 10  50  50   0   0  10   0 100   0 100   0   0   0   0  50 100  10   0   0  10 100  50   0  10 100 100 
 10   0   0  10   0 100  50  50 100   0  10   0   0   0 100   0 100   0   0  10   0 100   0   0  50 100 
  0  50   0  10   0 100   0   0  10  10 100  50  50 100   0 100   0  10   0   0   0   0   0 100 100 100 
  0   0  10   0 100  50  10   0 100   0 100  10 100   0 100   0   0 100   0   0   0   0   0   0 100  10 
  0  50 100  10   0   0   0 100   0  50   0  10  10 100   0   0   0   0  50   0  10   0  10   0   0  10 
100   0  10 100 100   0   0   0 100   0 100   0   0   0  10 100   0   0  50 100  10 100  50  50  50   0 
  0   0   0  10  10 100  50   0  50   0  10   0   0   0   0   0  50  50   0  10 100   0  50   0   0  10 
  0  50   0 100   0  10   0 100  10   0   0   0  10  10   0   0   0 100  10   0   0 100   0   0  10   0 
 10 100   0  10   0  50  50   0  10  50   0   0 100   0   0   0  10  10 100   0   0  10   0  10   0 100 
 50   0  50   0  10 100   0   0  50   0 100 100  50 100   0   0   0 100   0 100  10   0  10   0   0   0 
  0 100   0  10 100   0 100 100   0   0   0   0   0   0   0   0  10  50  50   0   0  10   0  10   0 100 
  0   0  50 100  10   0 100   0 100   0  10  50  10   0 100   0   0  50   0   0  10   0  10   0   0  50 
  0  50 100   0   0   0  50  50   0  10   0   0 100  50 100 100   0  50   0  10   0   0   0   0   0 100 
  0 100  50   0   0   0   0   0  10  10  10  10 100 100 100  10  10   0  10   0 100   0 100  50 100   0 

OUT: 
6 7 1 6 4 6 4 6 6 7 1 7 7 6 6 1 1 6 4 6 4 6 4 7 1 1 
Quality of solution = 0.619348
Working time = 0.000250573s


TEST 36:
8
40 40 80 40 40 40 40 40 
23
10 10 5 10 10 20 20 20 5 5 10 5 5 5 5 20 10 5 10 10 5 5 5 
  0   0   0   0 100   0   0 100   0   0   0   0   0 100  50 100   0   0   0   0   0   0 100 
  0   0 100  10   0  10  10   0  50   0  50  50  10   0  10   0 100   0  50   0 100  10   0 
  0 100   0   0  10  10  50   0   0  50   0   0  10   0  10   0 100   0   0 100 100  50   0 
  0  10   0   0  50   0  50  10   0  50   0   0   0   0   0   0  10   0   0   0  10   0   0 
100   0  10  50   0  10  10  50  10 100   0   0 100  50   0   0  10   0   0  10 100 100  10 
  0  10  10   0  10   0  10 100  10 100 100   0   0 100   0   0 100   0   0 100   0  50   0 
  0  10  50  50  10  10   0   0   0 100 100   0  50   0   0   0  10   0   0   0   0 100   0 
100   0   0  10  50 100   0   0   0   0 100   0 100   0  10   0   0 100 100  10   0  50  10 
  0  50   0   0  10  10   0   0   0   0 100  50   0   0   0  50   0  10 100   0   0   0  10 
  0   0  50  50 100 100 100   0   0   0  50  50 100  50   0   0 100   0   0   0   0 100   0 
  0  50   0   0   0 100 100 100 100  50   0  10   0 100  10 100   0   0   0   0   0   0   0 
  0  50   0   0   0   0   0   0  50  50  10   0   0   0   0  50   0   0  10   0  10  10 100 
  0  10  10   0 100   0  50 100   0 100   0   0   0  50 100   0   0   0 100  50   0  50   0 
100   0   0   0  50 100   0   0   0  50 100   0  50   0   0  10 100  10   0   0   0 100  10 
 50  10  10   0   0   0   0  10   0   0  10   0 100   0   0   0 100   0  10  50   0  50  50 
100   0   0   0   0   0   0   0  50   0 100  50   0  10   0   0   0   0   0 100   0   0   0 
  0 100 100  10  10 100  10   0   0 100   0   0   0 100 100   0   0   0   0  50  50   0   0 
  0   0   0   0   0   0   0 100  10   0   0   0   0  10   0   0   0   0 100 100   0 100   0 
  0  50   0   0   0   0   0 100 100   0   0  10 100   0  10   0   0 100   0   0   0   0   0 
  0   0 100   0  10 100   0  10   0   0   0   0  50   0  50 100  50 100   0   0 100 100   0 
  0 100 100  10 100   0   0   0   0   0   0  10   0   0   0   0  50   0   0 100   0   0   0 
  0  10  50   0 100  50 100  50   0 100   0  10  50 100  50   0   0 100   0 100   0   0  50 
100   0   0   0  10   0   0  10  10   0   0 100   0  10  50   0   0   0   0   0   0  50   0 

OUT: 
1 2 2 6 3 3 3 1 5 3 3 5 3 3 1 4 2 1 5 2 2 3 5 
Quality of solution = 0.544629
Working time = 0.00019828s


TEST 37:
8
60 80 40 40 60 100 60 60 
24
20 5 10 20 20 10 5 10 20 20 10 10 5 5 10 20 5 20 20 10 10 5 20 10 
  0   0   0  50 100   0   0 100  50 100   0 100 100   0  10 100   0   0  50 100   0  50   0  10 
  0   0   0   0   0  50  50 100   0   0  10 100   0   0   0 100  50   0   0 100  50   0   0   0 
  0   0   0  50  10   0   0   0   0  50  50   0  10 100 100  10  10   0   0   0  50 100  50   0 
 50   0  50   0   0  10   0   0 100  10   0 100   0 100 100 100   0  50 100   0   0   0 100   0 
100   0  10   0   0   0   0   0  10  10   0  10   0 100   0   0   0   0   0  50  50   0   0 100 
  0  50   0  10   0   0  50   0  10  50   0   0 100  50   0  10   0 100  10  10   0 100   0   0 
  0  50   0   0   0  50   0   0  10 100 100   0   0  10  50  50   0   0  10   0   0 100   0   0 
100 100   0   0   0   0   0   0  10 100 100   0   0  50   0 100  10  50   0   0   0   0  10   0 
 50   0   0 100  10  10  10  10   0   0 100  10  10  50 100   0  50 100  50  10   0  10  10 100 
100   0  50  10  10  50 100 100   0   0 100   0   0   0 100   0   0   0 100 100   0   0  10   0 
  0  10  50   0   0   0 100 100 100 100   0  10   0  10   0   0   0   0 100  10   0   0   0   0 
100 100   0 100  10   0   0   0  10   0  10   0 100   0  10  50  10  50   0   0   0 100  50  50 
100   0  10   0   0 100   0   0  10   0   0 100   0  10 100 100 100 100   0  50  50   0   0   0 
  0   0 100 100 100  50  10  50  50   0  10   0  10   0   0   0  50  10 100   0 100  10   0  10 
 10   0 100 100   0   0  50   0 100 100   0  10 100   0   0   0   0   0   0   0   0 100 100   0 
100 100  10 100   0  10  50 100   0   0   0  50 100   0   0   0   0   0   0  50   0 100   0   0 
  0  50  10   0   0   0   0  10  50   0   0  10 100  50   0   0   0   0   0   0  10  10   0   0 
  0   0   0  50   0 100   0  50 100   0   0  50 100  10   0   0   0   0   0   0   0   0   0  50 
 50   0   0 100   0  10  10   0  50 100 100   0   0 100   0   0   0   0   0   0   0 100  50  10 
100 100   0   0  50  10   0   0  10 100  10   0  50   0   0  50   0   0   0   0   0 100   0  10 
  0  50  50   0  50   0   0   0   0   0   0   0  50 100   0   0  10   0   0   0   0   0 100   0 
 50   0 100   0   0 100 100   0  10   0   0 100   0  10 100 100  10   0 100 100   0   0   0  50 
  0   0  50 100   0   0   0  10  10  10   0  50   0   0 100   0   0   0  50   0 100   0   0  10 
 10   0   0   0 100   0   0   0 100   0   0  50   0  10   0   0   0  50  10  10   0  50  10   0 

OUT: 
2 1 6 6 7 1 1 1 1 2 2 6 6 1 6 6 1 5 2 2 7 6 6 7 
Quality of solution = 0.621622
Working time = 0.000272857s


TEST 38:
8
100 80 60 60 40 60 40 40 
20
20 10 10 20 20 10 20 10 10 5 20 20 20 20 20 20 5 10 10 5 
  0  50 100  10 100   0   0 100  10   0 100   0   0   0   0  50 100   0  50 100 
 50   0 100   0   0  10 100  50 100 100   0 100   0   0   0   0   0 100 100  10 
100 100   0   0   0   0   0   0   0  50   0  10   0  10   0 100   0   0   0   0 
 10   0   0   0   0   0   0   0 100  50  50   0   0 100 100 100   0   0  10  10 
100   0   0   0   0 100  50  50   0  50   0   0   0   0  50   0   0 100   0  50 
  0  10   0   0 100   0   0   0   0  50   0   0  50   0  10   0   0   0   0  50 
  0 100   0   0  50   0   0  10   0   0  50 100   0   0   0   0  10   0  10 100 
100  50   0   0  50   0  10   0   0 100   0   0   0 100   0 100   0  50  50 100 
 10 100   0 100   0   0   0   0   0  50   0  10  50   0  10   0   0   0 100  10 
  0 100  50  50  50  50   0 100  50   0 100  50 100   0   0  10  50   0   0   0 
100   0   0  50   0   0  50   0   0 100   0   0   0   0   0   0  50  50   0 100 
  0 100  10   0   0   0 100   0  10  50   0   0   0   0   0   0 100   0  10   0 
  0   0   0   0   0  50   0   0  50 100   0   0   0   0   0  50  50   0   0  10 
  0   0  10 100   0   0   0 100   0   0   0   0   0   0   0   0 100   0  50   0 
  0   0   0 100  50  10   0   0  10   0   0   0   0   0   0   0   0   0  10  50 
 50   0 100 100   0   0   0 100   0  10   0   0  50   0   0   0  10  50 100  10 
100   0   0   0   0   0  10   0   0  50  50 100  50 100   0  10   0   0  10  10 
  0 100   0   0 100   0   0  50   0   0  50   0   0   0   0  50   0   0  10 100 
 50 100   0  10   0   0  10  50 100   0   0  10   0  50  10 100  10  10   0 100 
100  10   0  10  50  50 100 100  10   0 100   0  10   0  50  10  10 100 100   0 

OUT: 
1 1 1 3 2 4 2 1 3 1 2 2 4 4 3 1 4 1 1 1 
Quality of solution = 0.527938
Working time = 0.000176231s


TEST 39:
8
80 60 80 100 60 40 100 40 
27
10 20 10 20 10 20 5 5 20 20 20 10 10 5 5 5 10 5 20 20 10 10 10 10 20 5 20 
  0 100   0   0 100   0   0  10  50   0 100   0 100 100   0   0  10  10   0 100 100  50  50   0   0  10 100 
100   0   0   0   0  50   0   0   0   0 100   0 100   0   0   0 100   0 100 100   0  50  10 100   0   0 100 
  0   0   0   0   0 100   0   0  50   0   0   0 100   0   0   0 100   0   0 100 100 100   0   0  10  10 100 
  0   0   0   0  50   0   0  10   0 100   0  10  10   0   0  10  50 100 100   0   0  10   0  10   0  50   0 
100   0   0  50   0  10  50   0 100   0  10 100   0   0   0 100  50 100  50  10  50   0  10   0  10 100   0 
  0  50 100   0  10   0  10   0  50   0  50   0  10 100  10  10  50  10  50  10   0  10   0  50   0 100  10 
  0   0   0   0  50  10   0   0   0   0 100   0  50 100 100  10  50   0  10   0   0   0 100   0   0   0 100 
 10   0   0  10   0   0   0   0 100  50 100   0 100  50 100   0   0   0   0   0  50   0  50 100  50   0  10 
 50   0  50   0 100  50   0 100   0   0  10   0   0   0   0   0  10   0  50  10 100   0  50 100   0   0 100 
  0   0   0 100   0   0   0  50   0   0 100   0   0   0   0  10   0   0   0 100 100  50  50  10   0   0  10 
100 100   0   0  10  50 100 100  10 100   0   0  10 100   0   0   0   0   0 100  50 100   0   0   0   0  10 
  0   0   0  10 100   0   0   0   0   0   0   0 100   0  50   0   0 100   0 100   0   0   0   0   0  10 100 
100 100 100  10   0  10  50 100   0   0  10 100   0   0 100   0   0 100 100  50 100 100   0  10  10   0  50 
100   0   0   0   0 100 100  50   0   0 100   0   0   0  10   0 100   0   0   0  50  50  50  50   0  10  50 
  0   0   0   0   0  10 100 100   0   0   0  50 100  10   0 100   0  50  10 100 100 100  10 100   0   0 100 
  0   0   0  10 100  10  10   0   0  10   0   0   0   0 100   0   0  10   0   0   0   0  50   0   0 100  50 
 10 100 100  50  50  50  50   0  10   0   0   0   0 100   0   0   0  50   0  10 100  50   0   0  50   0  50 
 10   0   0 100 100  10   0   0   0   0   0 100 100   0  50  10  50   0   0  10   0  50  50  50  10 100  10 
  0 100   0 100  50  50  10   0  50   0   0   0 100   0  10   0   0   0   0  10  50 100  10  10   0   0  10 
100 100 100   0  10  10   0   0  10 100 100 100  50   0 100   0  10  10  10   0   0  10  10   0 100  10   0 
100   0 100   0  50   0   0  50 100 100  50   0 100  50 100   0 100   0  50   0   0  10  10 100 100  50  50 
 50  50 100  10   0  10   0   0   0  50 100   0 100  50 100   0  50  50 100  10  10   0   0  50 100   0  10 
 50  10   0   0  10   0 100  50  50  50   0   0   0  50  10  50   0  50  10  10  10   0   0  50 100   0   0 
  0 100   0  10   0  50   0 100 100  10   0   0  10  50 100   0   0  50  10   0 100  50  50   0   0   0  10 
  0   0  10   0  10   0   0  50   0   0   0   0  10   0   0   0  50  10   0 100 100 100 100   0   0   0  10 
 10   0  10  50 100 100   0   0   0   0   0  10   0  10   0 100   0 100   0  10  50   0   0   0   0   0   0 
100 100 100   0   0  10 100  10 100  10  10 100  50  50 100  50  50  10  10   0  50  10   0  10  10   0   0 

OUT: 
4 4 4 1 7 1 7 7 7 3 7 3 4 7 7 1 4 3 1 7 4 4 3 7 3 1 4 
Quality of solution = 0.626151
Working time = 0.000346001s

Тестирование завершено
