Начинаю тестирование 

TEST 40:
8
40 80 60 60 60 80 40 40 
30
10 20 20 10 20 10 10 20 10 5 10 20 5 20 5 20 10 10 10 10 5 5 20 5 20 20 10 10 5 10 
  0   0 100   0 100   0 100   0   0   0   0   0   0  10  10 100  50  10 100 100  10   0   0   0   0   0 100   0  10  10 
  0   0 100   0 100   0  50 100   0   0 100  50  50 100  10  10  10   0  10   0   0  50   0 100 100  50   0   0  10  10 
100 100   0  50   0   0  50 100   0   0 100   0   0 100 100   0   0  10  10 100   0   0   0   0  10   0  50 100  10  50 
  0   0  50   0 100   0 100 100   0  10 100 100  10 100   0   0   0 100   0   0   0 100   0 100   0 100   0  50   0   0 
100 100   0 100   0   0  50 100   0   0  10 100   0   0  50   0   0   0   0  10   0   0 100   0   0   0  50  10 100   0 
  0   0   0   0   0   0   0  50 100   0   0  10   0 100  50  10   0   0   0 100   0 100   0   0   0  50  10 100  10 100 
100  50  50 100  50   0   0   0 100  50 100 100  10  10   0  50   0  10   0  10   0 100   0 100 100 100   0  50 100   0 
  0 100 100 100 100  50   0   0  50   0   0   0 100   0  10  50 100  50  50  10 100  50 100  50   0   0   0   0   0  50 
  0   0   0   0   0 100 100  50   0   0  50 100  10   0 100  50   0 100  50   0   0  10   0 100   0   0   0 100  50   0 
  0   0   0  10   0   0  50   0   0   0  10   0  50   0  10  50   0 100  50  50   0  10   0   0  50   0 100   0 100   0 
  0 100 100 100  10   0 100   0  50  10   0 100 100   0  10 100  10   0   0   0  50   0  50  50  10   0   0   0 100   0 
  0  50   0 100 100  10 100   0 100   0 100   0   0 100   0  50  50   0  50 100 100   0   0   0  10   0  50 100  10  10 
  0  50   0  10   0   0  10 100  10  50 100   0   0 100 100   0  10  50 100  50 100  10   0   0  10   0  10   0   0  10 
 10 100 100 100   0 100  10   0   0   0   0 100 100   0   0  50 100   0  50 100  10   0  10  10  10   0   0   0 100  10 
 10  10 100   0  50  50   0  10 100  10  10   0 100   0   0  50  10  50   0   0   0   0  10   0  10  10   0   0  50   0 
100  10   0   0   0  10  50  50  50  50 100  50   0  50  50   0  50  10   0   0   0  10   0   0   0   0  50   0 100  10 
 50  10   0   0   0   0   0 100   0   0  10  50  10 100  10  50   0   0 100  10  50  10  10   0   0  10   0   0   0   0 
 10   0  10 100   0   0  10  50 100 100   0   0  50   0  50  10   0   0  50  10   0   0 100 100   0   0   0  50   0 100 
100  10  10   0   0   0   0  50  50  50   0  50 100  50   0   0 100  50   0  10   0   0  10   0  50  10 100  50   0   0 
100   0 100   0  10 100  10  10   0  50   0 100  50 100   0   0  10  10  10   0   0  50  50 100  50   0   0   0  10   0 
 10   0   0   0   0   0   0 100   0   0  50 100 100  10   0   0  50   0   0   0   0 100   0 100  10   0   0   0   0  10 
  0  50   0 100   0 100 100  50  10  10   0   0  10   0   0  10  10   0   0  50 100   0   0 100   0   0  50 100   0  10 
  0   0   0   0 100   0   0 100   0   0  50   0   0  10  10   0  10 100  10  50   0   0   0   0 100   0 100   0 100  50 
  0 100   0 100   0   0 100  50 100   0  50   0   0  10   0   0   0 100   0 100 100 100   0   0 100 100 100 100   0   0 
  0 100  10   0   0   0 100   0   0  50  10  10  10  10  10   0   0   0  50  50  10   0 100 100   0   0   0   0   0   0 
  0  50   0 100   0  50 100   0   0   0   0   0   0   0  10   0  10   0  10   0   0   0   0 100   0   0  50   0 100  50 
100   0  50   0  50  10   0   0   0 100   0  50  10   0   0  50   0   0 100   0   0  50 100 100   0  50   0   0 100   0 
  0   0 100  50  10 100  50   0 100   0   0 100   0   0   0   0   0  50  50   0   0 100   0 100   0   0   0   0  10 100 
 10  10  10   0 100  10 100   0  50 100 100  10   0 100  50 100   0   0   0  10   0   0 100   0   0 100 100  10   0   0 
 10  10  50   0   0 100   0  50   0   0   0  10  10  10   0  10   0 100   0   0  10  10  50   0   0  50   0 100   0   0 

OUT: 
2 6 2 2 6 4 2 3 4 5 6 6 5 2 4 4 7 3 5 2 5 6 3 6 1 5 5 4 4 3 
Quality of solution = 0.741864
Working time = 0.00047172s


TEST 41:
8
60 60 80 40 80 60 40 80 
29
10 20 10 10 10 5 20 20 20 10 5 10 10 10 5 20 20 20 20 10 20 20 20 10 20 5 10 20 10 
  0   0   0   0   0   0 100  50 100   0 100 100  10   0   0   0 100   0   0   0  10   0  50   0   0 100   0  10   0 
  0   0 100   0 100   0   0   0   0  10   0  10  50 100  50  50   0 100   0   0  10  50   0   0   0 100   0 100   0 
  0 100   0   0 100   0 100 100   0  50   0  50   0  50  50   0   0   0   0   0   0 100  50   0   0  50 100  10   0 
  0   0   0   0   0  10   0   0 100   0   0   0   0   0   0  10  10 100   0   0  50 100  10  50   0  50   0   0 100 
  0 100 100   0   0 100 100  10  50   0   0   0  10   0 100   0  50  10 100   0   0   0 100 100 100   0  10  10   0 
  0   0   0  10 100   0   0   0   0   0   0  50   0   0   0   0   0   0   0   0  10   0   0 100   0  10   0 100  10 
100   0 100   0 100   0   0 100   0 100   0  50   0  50 100   0  10   0   0 100  10  50  50   0 100   0 100  50   0 
 50   0 100   0  10   0 100   0  50   0 100   0   0   0   0   0   0  50  50 100   0 100  50   0 100  50   0   0  50 
100   0   0 100  50   0   0  50   0   0   0   0  50   0  10   0   0   0  50 100 100   0  10   0  10 100   0  10   0 
  0  10  50   0   0   0 100   0   0   0   0   0   0 100 100  10 100  50   0   0   0  50 100  10 100   0   0 100 100 
100   0   0   0   0   0   0 100   0   0   0   0  50  50 100   0   0   0 100 100   0   0   0   0  50   0  10   0   0 
100  10  50   0   0  50  50   0   0   0   0   0  50   0 100   0  50 100   0  50   0 100 100   0 100   0  10   0   0 
 10  50   0   0  10   0   0   0  50   0  50  50   0   0  50  10   0   0   0 100  50   0  50 100  50   0   0   0   0 
  0 100  50   0   0   0  50   0   0 100  50   0   0   0  50   0   0  10 100   0   0  10 100 100  10   0 100   0 100 
  0  50  50   0 100   0 100   0  10 100 100 100  50  50   0   0   0 100  50   0   0   0   0  10 100   0   0   0  10 
  0  50   0  10   0   0   0   0   0  10   0   0  10   0   0   0   0   0  50  10   0   0   0  10  10  50   0   0  10 
100   0   0  10  50   0  10   0   0 100   0  50   0   0   0   0   0  10   0  10   0  50  10   0   0  50 100   0  50 
  0 100   0 100  10   0   0  50   0  50   0 100   0  10 100   0  10   0   0   0   0 100 100 100   0   0  50   0   0 
  0   0   0   0 100   0   0  50  50   0 100   0   0 100  50  50   0   0   0 100   0   0   0   0 100   0   0   0  10 
  0   0   0   0   0   0 100 100 100   0 100  50 100   0   0  10  10   0 100   0   0   0   0 100 100  10  50  50   0 
 10  10   0  50   0  10  10   0 100   0   0   0  50   0   0   0   0   0   0   0   0   0   0  50   0   0  50  50 100 
  0  50 100 100   0   0  50 100   0  50   0 100   0  10   0   0  50 100   0   0   0   0   0   0  50 100  50 100 100 
 50   0  50  10 100   0  50  50  10 100   0 100  50 100   0   0  10 100   0   0   0   0   0  50   0  50  10   0   0 
  0   0   0  50 100 100   0   0   0  10   0   0 100 100  10  10   0 100   0 100  50   0  50   0  10  10   0   0   0 
  0   0   0   0 100   0 100 100  10 100  50 100  50  10 100  10   0   0 100 100   0  50   0  10   0 100   0  50   0 
100 100  50  50   0  10   0  50 100   0   0   0   0   0   0  50  50   0   0  10   0 100  50  10 100   0  50 100   0 
  0   0 100   0  10   0 100   0   0   0  10  10   0 100   0   0 100  50   0  50  50  50  10   0   0  50   0 100   0 
 10 100  10   0  10 100  50   0  10 100   0   0   0   0   0   0   0   0   0  50  50 100   0   0  50 100 100   0   0 
  0   0   0 100   0  10   0  50   0 100   0   0   0 100  10  10  50   0  10   0 100 100   0   0   0   0   0   0   0 

OUT: 
3 1 3 2 8 8 3 3 2 8 5 5 1 8 8 4 8 1 2 5 6 3 8 1 5 5 5 5 2 
Quality of solution = 0.73237
Working time = 0.000384561s


TEST 42:
8
80 60 60 60 60 40 60 80 
32
10 20 5 5 20 20 5 20 10 20 5 10 20 10 5 10 10 10 5 20 5 5 20 10 20 20 10 10 10 20 10 20 
  0   0   0  10   0  50  10  10   0 100 100 100   0   0  50  10   0 100   0   0  50  10   0   0  10   0  10   0 100  10   0   0 
  0   0   0   0  50  50  50 100   0   0  50   0   0  50   0   0   0   0   0 100 100   0  10   0  50   0   0   0 100  10   0 100 
  0   0   0   0   0   0   0   0   0   0   0  10 100   0   0   0  50   0   0  50   0   0   0   0 100  50   0   0  10 100   0 100 
 10   0   0   0   0   0 100  10  50   0  50  10 100   0   0   0 100  10  50 100   0   0  10  50 100   0  50   0  50   0   0   0 
  0  50   0   0   0  10   0   0   0   0  10  50   0  10   0   0   0   0 100  50  10   0 100   0 100 100  10 100  10  10 100  10 
 50  50   0   0  10   0   0   0  50  50  10  10  50 100 100  10  50 100 100  50   0  10  50  10   0  10 100 100   0   0   0  10 
 10  50   0 100   0   0   0  10 100   0   0   0  10   0 100   0   0  50   0  10  50   0  10   0   0   0 100   0   0  10   0  10 
 10 100   0  10   0   0  10   0  50   0  50   0   0 100   0  10 100   0 100   0  10  50   0   0   0  10  50   0   0 100   0  50 
  0   0   0  50   0  50 100  50   0  50   0   0   0 100  10   0  10 100   0  50 100 100 100  50 100 100  50  10   0 100  50  50 
100   0   0   0   0  50   0   0  50   0   0   0 100   0   0  10   0   0 100 100 100   0   0 100   0   0 100   0 100   0   0 100 
100  50   0  50  10  10   0  50   0   0   0   0 100   0   0  50   0   0 100   0  10   0  50  10 100   0  50   0   0   0   0   0 
100   0  10  10  50  10   0   0   0   0   0   0 100   0   0   0  10  50   0 100 100  50  50  50   0 100   0   0   0 100 100  50 
  0   0 100 100   0  50  10   0   0 100 100 100   0 100   0   0   0   0   0   0   0 100   0   0  50  50 100 100   0   0   0  10 
  0  50   0   0  10 100   0 100 100   0   0   0 100   0   0  10   0  10   0   0  10   0  10   0   0   0   0   0  10   0 100  10 
 50   0   0   0   0 100 100   0  10   0   0   0   0   0   0 100 100  10 100  10   0 100 100   0   0 100 100  50   0   0  50   0 
 10   0   0   0   0  10   0  10   0  10  50   0   0  10 100   0   0   0  10  50 100   0 100   0  50   0 100  50   0   0   0   0 
  0   0  50 100   0  50   0 100  10   0   0  10   0   0 100   0   0  10   0 100   0   0 100   0  50  10   0   0  10  50   0  50 
100   0   0  10   0 100  50   0 100   0   0  50   0  10  10   0  10   0   0   0 100  50   0   0 100   0  50  50   0   0 100   0 
  0   0   0  50 100 100   0 100   0 100 100   0   0   0 100  10   0   0   0   0   0   0   0 100   0  10   0 100 100  10   0  50 
  0 100  50 100  50  50  10   0  50 100   0 100   0   0  10  50 100   0   0   0  50 100 100 100   0   0  10   0   0   0 100   0 
 50 100   0   0  10   0  50  10 100 100  10 100   0  10   0 100   0 100   0  50   0   0   0 100   0  50   0   0 100  10   0 100 
 10   0   0   0   0  10   0  50 100   0   0  50 100   0 100   0   0  50   0 100   0   0   0 100   0   0  50 100  10   0   0 100 
  0  10   0  10 100  50  10   0 100   0  50  50   0  10 100 100 100   0   0 100   0   0   0   0  10  10 100  10 100   0   0 100 
  0   0   0  50   0  10   0   0  50 100  10  50   0   0   0   0   0   0 100 100 100 100   0   0   0   0   0  50  50   0   0   0 
 10  50 100 100 100   0   0   0 100   0 100   0  50   0   0  50  50 100   0   0   0   0  10   0   0   0 100   0  10  50   0   0 
  0   0  50   0 100  10   0  10 100   0   0 100  50   0 100   0  10   0  10   0  50   0  10   0   0   0   0  10   0 100  10 100 
 10   0   0  50  10 100 100  50  50 100  50   0 100   0 100 100   0  50   0  10   0  50 100   0 100   0   0   0   0   0 100  50 
  0   0   0   0 100 100   0   0  10   0   0   0 100   0  50  50   0  50 100   0   0 100  10  50   0  10   0   0   0   0   0  50 
100 100  10  50  10   0   0   0   0 100   0   0   0  10   0   0  10   0 100   0 100  10 100  50  10   0   0   0   0   0  10   0 
 10  10 100   0  10   0  10 100 100   0   0 100   0   0   0   0  50   0  10   0  10   0   0   0  50 100   0   0   0   0 100   0 
  0   0   0   0 100   0   0   0  50   0   0 100   0 100  50   0   0 100   0 100   0   0   0   0   0  10 100   0  10 100   0   0 
  0 100 100   0  10  10  10  50  50 100   0  50  10  10   0   0  50   0  50   0 100 100 100   0   0 100  50  50   0   0   0   0 

OUT: 
5 5 5 1 4 8 1 3 1 2 5 4 1 3 8 3 2 1 2 8 2 8 8 4 1 4 1 8 5 3 5 2 
Quality of solution = 0.753603
Working time = 0.00044941s


TEST 43:
8
40 100 100 60 60 60 60 80 
41
10 5 10 20 20 10 5 20 10 5 10 20 5 5 10 5 5 20 20 10 5 5 20 5 10 20 5 5 10 10 10 10 20 10 10 10 5 20 20 5 5 
  0   0   0   0   0   0  10 100 100  10   0  50  50   0  10   0   0   0 100   0  50  50   0   0   0   0   0   0 100   0   0  50   0  50   0   0  10 100   0 100   0 
  0   0   0   0   0   0 100   0  50   0   0  50  50   0   0   0 100 100 100  10  50   0   0  50  50   0   0   0 100  10  10  50   0   0 100  50 100  10   0  10   0 
  0   0   0   0   0 100   0   0  10  10  10   0   0  10   0   0   0 100   0  10  10   0   0  10   0   0   0  10   0  50 100   0 100  10  10  10   0   0 100  50 100 
  0   0   0   0   0   0  10 100 100   0   0   0   0  50   0  50   0   0  50  50  10 100  50  50   0  50  10  10   0  50   0   0  50 100  10   0  50  50  10   0  50 
  0   0   0   0   0   0   0   0   0   0   0  10 100   0   0   0 100 100 100  10 100   0 100   0 100   0   0  10   0  10 100   0   0   0   0   0   0   0   0 100   0 
  0   0 100   0   0   0  50  10  50  10  10  50  10   0  10   0   0 100   0   0   0 100   0   0 100   0 100 100  50  50   0   0 100   0 100  10   0 100   0   0   0 
 10 100   0  10   0  50   0  50   0   0   0 100  10   0 100   0   0  50   0   0   0 100   0   0   0  10  10   0 100  10 100   0 100   0   0   0   0 100   0  10 100 
100   0   0 100   0  10  50   0   0   0 100   0  50   0 100  50   0  10 100  10  50   0  10   0   0 100   0  10 100 100  50  50  50   0 100   0   0   0  50  50 100 
100  50  10 100   0  50   0   0   0  10  50 100   0   0  50   0  50   0   0 100   0   0  50  50  10   0   0   0 100   0  50  50  10 100   0 100 100 100   0   0   0 
 10   0  10   0   0  10   0   0  10   0 100   0 100 100   0 100   0  50 100 100   0  50  10   0 100   0   0   0   0 100   0   0 100 100   0   0  50   0   0  10  50 
  0   0  10   0   0  10   0 100  50 100   0   0   0 100  50 100 100   0   0   0   0   0 100   0   0   0 100   0  50   0  50   0  10  10   0  50  50   0  10 100   0 
 50  50   0   0  10  50 100   0 100   0   0   0  10  50   0   0  50   0 100  10  10  50  50  50   0   0   0  50   0 100  10   0  10 100  50   0   0  10  50  50   0 
 50  50   0   0 100  10  10  50   0 100   0  10   0   0   0   0  10   0  10   0   0   0   0   0  10   0  10   0   0   0  10  50   0  10   0  50   0   0  50   0   0 
  0   0  10  50   0   0   0   0   0 100 100  50   0   0   0  50 100  50 100   0   0  10   0  50 100   0  50  50 100 100  10   0  50  10  50  50   0  50   0   0 100 
 10   0   0   0   0  10 100 100  50   0  50   0   0   0   0   0  50 100  50   0 100   0  10  10   0 100   0  50   0   0  50  10 100   0   0  10   0   0  50   0   0 
  0   0   0  50   0   0   0  50   0 100 100   0   0  50   0   0  50 100  10 100  50 100   0  10  50  50 100   0  10   0   0   0   0  10  10  50   0   0 100  50   0 
  0 100   0   0 100   0   0   0  50   0 100  50  10 100  50  50   0  10  50   0 100   0   0   0   0 100   0 100   0 100   0  10   0  50   0   0  10   0   0   0   0 
  0 100 100   0 100 100  50  10   0  50   0   0   0  50 100 100  10   0   0 100  50   0  10   0   0   0   0 100 100 100   0   0  10   0  10  50   0  10  10 100   0 
100 100   0  50 100   0   0 100   0 100   0 100  10 100  50  10  50   0   0   0  10  10   0  50 100  50 100   0 100 100 100   0  10 100   0   0   0  10  50 100  50 
  0  10  10  50  10   0   0  10 100 100   0  10   0   0   0 100   0 100   0   0   0  50   0  50   0   0   0   0   0  50   0   0   0   0  50   0   0 100 100   0  50 
 50  50  10  10 100   0   0  50   0   0   0  10   0   0 100  50 100  50  10   0   0   0  10  10   0   0  10   0 100  10   0   0  10   0   0  10   0   0  50   0  50 
 50   0   0 100   0 100 100   0   0  50   0  50   0  10   0 100   0   0  10  50   0   0   0   0  10  50   0 100 100 100   0   0   0 100 100 100   0   0  50  50   0 
  0   0   0  50 100   0   0  10  50  10 100  50   0   0  10   0   0  10   0   0  10   0   0 100  10   0   0 100   0   0 100 100 100 100 100 100  50 100   0 100  50 
  0  50  10  50   0   0   0   0  50   0   0  50   0  50  10  10   0   0  50  50  10   0 100   0  50   0  50   0 100   0  10 100  10 100   0 100  10 100   0 100 100 
  0  50   0   0 100 100   0   0  10 100   0   0  10 100   0  50   0   0 100   0   0  10  10  50   0   0   0   0   0   0   0   0  50   0 100   0   0   0  50 100   0 
  0   0   0  50   0   0  10 100   0   0   0   0   0   0 100  50 100   0  50   0   0  50   0   0   0   0   0   0 100   0   0   0  10   0  10  50 100 100   0 100   0 
  0   0   0  10   0 100  10   0   0   0 100   0  10  50   0 100   0   0 100   0  10   0   0  50   0   0   0  10   0  50 100   0   0   0  10  10  10   0 100   0   0 
  0   0  10  10  10 100   0  10   0   0   0  50   0  50  50   0 100 100   0   0   0 100 100   0   0   0  10   0   0   0   0 100  50  50   0   0   0   0 100   0 100 
100 100   0   0   0  50 100 100 100   0  50   0   0 100   0  10   0 100 100   0 100 100   0 100   0 100   0   0   0  50 100   0  10  50   0  10 100  10  50   0   0 
  0  10  50  50  10  50  10 100   0 100   0 100   0 100   0   0 100 100 100  50  10 100   0   0   0   0  50   0  50   0 100  50  50   0  50   0 100  10   0   0   0 
  0  10 100   0 100   0 100  50  50   0  50  10  10  10  50   0   0   0 100   0   0   0 100  10   0   0 100   0 100 100   0 100   0  10   0   0   0   0  50 100 100 
 50  50   0   0   0   0   0  50  50   0   0   0  50   0  10   0  10   0   0   0   0   0 100 100   0   0   0 100   0  50 100   0   0   0 100  50   0   0   0  10   0 
  0   0 100  50   0 100 100  50  10 100  10  10   0  50 100   0   0  10  10   0  10   0 100  10  50  10   0  50  10  50   0   0   0   0   0   0  10   0   0   0   0 
 50   0  10 100   0   0   0   0 100 100  10 100  10  10   0  10  50   0 100   0   0 100 100 100   0   0   0  50  50   0  10   0   0   0   0  10  50   0   0  50 100 
  0 100  10  10   0 100   0 100   0   0   0  50   0  50   0  10   0  10   0  50   0 100 100   0 100  10  10   0   0  50   0 100   0   0   0 100 100 100 100  50   0 
  0  50  10   0   0  10   0   0 100   0  50   0  50  50  10  50   0  50   0   0  10 100 100 100   0  50  10   0  10   0   0  50   0  10 100   0   0   0   0 100 100 
 10 100   0  50   0   0   0   0 100  50  50   0   0   0   0   0  10   0   0   0   0   0  50  10   0 100  10   0 100 100   0   0  10  50 100   0   0   0  50   0  50 
100  10   0  50   0 100 100   0 100   0   0  10   0  50   0   0   0  10  10 100   0   0 100 100   0 100   0   0  10  10   0   0   0   0 100   0   0   0  10 100   0 
  0   0 100  10   0   0   0  50   0   0  10  50  50   0  50 100   0  10  50 100  50  50   0   0  50   0 100 100  50   0  50   0   0   0 100   0  50  10   0   0   0 
100  10  50   0 100   0  10  50   0  10 100  50   0   0   0  50   0 100 100   0   0  50 100 100 100 100   0   0   0   0 100  10   0  50  50 100   0 100   0   0 100 
  0   0 100  50   0   0 100 100   0  50   0   0   0 100   0   0   0   0  50  50  50   0  50 100   0   0   0 100   0   0 100   0   0 100   0 100  50   0   0 100   0 

OUT: 
2 8 7 3 6 5 3 2 3 5 8 3 6 3 4 5 4 5 2 5 6 2 8 3 5 2 6 4 2 3 2 8 4 3 8 3 8 8 4 2 3 
Quality of solution = 0.73047
Working time = 0.000936295s


TEST 44:
8
60 60 40 80 60 100 60 80 
40
20 10 5 5 5 10 5 10 10 10 5 10 10 10 10 5 20 20 5 20 20 10 10 10 20 5 20 10 5 5 20 10 5 20 10 10 10 10 10 5 
  0 100  10  50 100 100  50   0  10   0   0   0  50   0  10   0   0   0 100   0  10   0   0  10  10   0   0 100   0 100   0  10   0 100  10   0   0   0 100  50 
100   0  10 100 100  50 100 100   0 100   0   0 100   0   0 100   0 100   0 100  10  10  10  10   0   0   0   0 100  50   0   0   0   0   0   0  10   0   0   0 
 10  10   0 100   0  10   0 100  50 100   0   0   0 100  50 100   0 100 100  10 100   0   0   0   0  10   0  50 100  10   0   0 100   0   0   0   0  50   0   0 
 50 100 100   0 100   0   0   0  10   0   0  50   0  10 100   0   0   0 100  10  10  50  50   0   0   0   0   0  10   0  50   0 100  10   0  10   0   0  10   0 
100 100   0 100   0 100   0 100  10   0   0   0 100   0   0 100  50  50   0  10   0  10  50  10  50   0  10 100  10  10   0  50  10   0  10   0   0  10  10 100 
100  50  10   0 100   0   0   0   0   0  10   0   0  50 100 100   0  50   0  50   0   0  50   0   0   0   0  10   0  10 100   0 100   0   0   0 100   0   0   0 
 50 100   0   0   0   0   0 100 100  10   0   0   0   0  10  50  10 100   0  50   0   0   0  50   0  50  10  50   0   0   0   0   0  50  50  10  10   0 100 100 
  0 100 100   0 100   0 100   0   0  50   0  10   0   0   0   0  10 100 100   0  50   0   0   0   0 100  10   0  50 100  50  10   0 100 100  10   0 100   0 100 
 10   0  50  10  10   0 100   0   0   0   0  10  50 100 100   0  10   0   0  10 100   0   0  10 100   0  50  50  10   0   0  50  50  10 100  50 100 100  10 100 
  0 100 100   0   0   0  10  50   0   0 100 100 100  50 100  10  10   0 100   0  50 100   0   0  10  10  50 100  10  10   0  10   0  50   0 100  10 100  10 100 
  0   0   0   0   0  10   0   0   0 100   0  10   0  50 100  10   0   0   0   0  50 100   0  50  10   0  10   0  10  10   0   0   0  50  50  50   0   0   0 100 
  0   0   0  50   0   0   0  10  10 100  10   0 100  10 100  10   0   0  10 100  50 100   0   0  50 100  50   0   0   0   0   0   0 100  10   0   0 100   0   0 
 50 100   0   0 100   0   0   0  50 100   0 100   0   0   0   0  10   0 100   0   0   0   0  10 100 100   0   0   0   0   0   0  50  50   0 100  10  10   0  50 
  0   0 100  10   0  50   0   0 100  50  50  10   0   0   0   0  50   0   0 100   0 100  50   0   0   0   0  10   0  50  50  10   0 100   0 100  10 100 100 100 
 10   0  50 100   0 100  10   0 100 100 100 100   0   0   0 100   0 100 100   0   0   0  50   0   0   0  50  10  10   0 100   0   0   0  10 100 100  50   0 100 
  0 100 100   0 100 100  50   0   0  10  10  10   0   0 100   0   0   0  10 100 100  10 100  50   0  10  10 100  10   0   0   0   0   0   0   0   0  50  10  10 
  0   0   0   0  50   0  10  10  10  10   0   0  10  50   0   0   0   0   0  50  50   0  10   0 100  50   0 100   0 100   0  50   0   0  10   0 100  50   0   0 
  0 100 100   0  50  50 100 100   0   0   0   0   0   0 100   0   0   0 100  50  50   0 100 100   0  10   0  50 100  50   0   0   0   0 100 100  10   0   0  10 
100   0 100 100   0   0   0 100   0 100   0  10 100   0 100  10   0 100   0 100  50   0   0  10  10 100   0  10 100  50  50  50   0   0 100   0  50   0 100 100 
  0 100  10  10  10  50  50   0  10   0   0 100   0 100   0 100  50  50 100   0   0 100  10   0   0  10   0  50  10  50   0   0  50   0   0   0 100 100   0   0 
 10  10 100  10   0   0   0  50 100  50  50  50   0   0   0 100  50  50  50   0   0  50 100   0  10 100  10 100  50  10   0   0   0 100   0  50   0 100   0   0 
  0  10   0  50  10   0   0   0   0 100 100 100   0 100   0  10   0   0   0 100  50   0 100  10  10   0   0 100  10  10   0   0   0   0  10 100   0   0   0   0 
  0  10   0  50  50  50   0   0   0   0   0   0   0  50  50 100  10 100   0  10 100 100   0  10  10  10 100  50   0   0  50   0  50   0 100   0  50   0   0   0 
 10  10   0   0  10   0  50   0  10   0  50   0  10   0   0  50   0 100  10   0   0  10  10   0   0 100 100 100   0   0  50  50   0   0 100 100   0   0  10   0 
 10   0   0   0  50   0   0   0 100  10  10  50 100   0   0   0 100   0  10   0  10  10  10   0   0   0   0  50   0 100  50  10   0  50   0 100   0   0  50   0 
  0   0  10   0   0   0  50 100   0  10   0 100 100   0   0  10  50  10 100  10 100   0  10 100   0   0   0 100   0  10 100   0 100 100   0  50   0   0  10   0 
  0   0   0   0  10   0  10  10  50  50  10  50   0   0  50  10   0   0   0   0  10   0 100 100   0   0   0 100  50   0   0   0  10  50  10 100  10   0 100  10 
100   0  50   0 100  10  50   0  50 100   0   0   0  10  10 100 100  50  10  50 100 100  50 100  50 100 100   0  50  50   0 100   0  10   0   0  50 100 100 100 
  0 100 100  10  10   0   0  50  10  10  10   0   0   0  10  10   0 100 100  10  50  10   0   0   0   0  50  50   0  10   0   0  50  50   0   0  10   0   0  10 
100  50  10   0  10  10   0 100   0  10  10   0   0  50   0   0 100  50  50  50  10  10   0   0 100  10   0  50  10   0 100  10   0   0 100  10   0  10   0   0 
  0   0   0  50   0 100   0  50   0   0   0   0   0  50 100   0   0   0  50   0   0   0  50  50  50 100   0   0   0 100   0 100  10   0   0   0   0  10   0  50 
 10   0   0   0  50   0   0  10  50  10   0   0   0  10   0   0  50   0  50   0   0   0   0  50  10   0   0 100   0  10 100   0   0  10 100   0   0  10   0 100 
  0   0 100 100  10 100   0   0  50   0   0   0  50   0   0   0   0   0   0  50   0   0  50   0   0 100  10   0  50   0  10   0   0   0  50  10  50  50  50 100 
100   0   0  10   0   0  50 100  10  50  50 100  50 100   0   0   0   0   0   0 100   0   0   0  50 100  50  10  50   0   0  10   0   0  10 100   0   0   0  10 
 10   0   0   0  10   0  50 100 100   0  50  10   0   0  10   0  10 100 100   0   0  10 100 100   0   0  10   0   0 100   0 100  50  10   0 100 100   0 100   0 
  0   0   0  10   0   0  10  10  50 100  50   0 100 100 100   0   0 100   0   0  50 100   0 100 100  50 100   0   0  10   0   0  10 100 100   0 100 100   0   0 
  0  10   0   0   0 100  10   0 100  10   0   0  10  10 100   0 100  10  50 100   0   0  50   0   0   0  10  50  10   0   0   0  50   0 100 100   0   0   0 100 
  0   0  50   0  10   0   0 100 100 100   0 100  10 100  50  50  50   0   0 100 100   0   0   0   0   0   0 100   0  10  10  10  50   0   0 100   0   0 100 100 
100   0   0  10  10   0 100   0  10  10   0   0   0 100   0  10   0   0 100   0   0   0   0  10  50  10 100 100   0   0   0   0  50   0 100   0   0 100   0 100 
 50   0   0   0 100   0 100 100 100 100 100   0  50 100 100  10   0  10 100   0   0   0   0   0   0   0  10 100  10   0  50 100 100  10   0   0 100 100 100   0 

OUT: 
6 4 6 1 6 8 4 6 4 6 2 1 1 6 4 4 5 4 6 8 4 8 8 2 5 1 2 6 1 2 2 5 1 1 8 8 8 6 6 6 
Quality of solution = 0.710726
Working time = 0.000749554s


TEST 45:
8
80 60 100 80 40 60 80 60 
38
20 20 10 10 5 10 20 20 10 20 5 10 20 10 5 20 5 10 20 10 5 20 5 20 5 5 10 10 10 10 10 20 20 10 5 10 5 5 
  0  50   0  10 100  50   0  50   0 100  50   0   0   0  50   0   0  10  50   0   0   0 100 100   0   0  10  50   0  10   0   0   0 100   0   0   0  10 
 50   0  50 100   0   0   0   0   0 100  50   0   0   0   0 100   0  10   0 100  10   0  10  10  50  50  10   0  50   0   0   0  50 100 100   0 100 100 
  0  50   0 100   0   0 100  50   0   0  10  50   0  10   0 100 100   0 100   0   0   0 100  10  10   0   0  10  50  10 100   0 100  50   0  50  50   0 
 10 100 100   0   0 100 100  10 100   0   0   0   0   0  10 100   0  10   0   0   0  50  10   0  10 100 100  50   0  50   0   0  50  50  50 100   0   0 
100   0   0   0   0 100  10 100 100  10  10  10   0  10   0  50   0   0  10   0  10   0   0  10   0   0   0   0   0  50   0   0   0   0   0   0   0 100 
 50   0   0 100 100   0   0   0   0  50   0   0  10   0   0   0   0   0   0   0  10  10   0  50   0  10   0   0 100   0   0   0   0 100  10 100 100   0 
  0   0 100 100  10   0   0 100   0  50   0   0   0 100  50   0  10  50  10 100   0   0   0   0   0   0  50 100 100  50 100   0   0 100 100  50   0 100 
 50   0  50  10 100   0 100   0  10  10   0   0 100   0   0   0  50   0 100   0  10 100   0  50   0 100  50   0 100 100   0   0   0   0   0 100   0   0 
  0   0   0 100 100   0   0  10   0  10  10 100  50   0 100   0  50 100  10   0 100   0  50   0  10   0  50 100 100 100   0   0   0   0   0  50  10 100 
100 100   0   0  10  50  50  10  10   0  50   0  10 100   0  50  50   0   0  50   0  50 100   0  50  10   0   0  50  50  50  10   0  50 100   0   0   0 
 50  50  10   0  10   0   0   0  10  50   0   0   0  50 100  50  50 100   0   0   0  10   0 100  10   0   0   0 100  50  50 100   0 100  50   0   0  50 
  0   0  50   0  10   0   0   0 100   0   0   0   0   0   0  50 100   0   0 100  10  10  10   0  50   0   0   0  10  10  10  10 100   0   0 100   0 100 
  0   0   0   0   0  10   0 100  50  10   0   0   0   0   0 100   0 100   0   0 100 100 100 100   0  10  50   0  10   0   0   0   0 100 100   0  10   0 
  0   0  10   0  10   0 100   0   0 100  50   0   0   0  10   0 100   0   0 100  10 100  50   0   0  10 100   0  50   0 100   0   0   0  50   0   0   0 
 50   0   0  10   0   0  50   0 100   0 100   0   0  10   0   0   0   0  50   0 100  50   0   0   0  10   0  10   0   0  10  10   0   0   0   0   0  10 
  0 100 100 100  50   0   0   0   0  50  50  50 100   0   0   0 100   0  50   0 100  10  10   0  10   0 100   0 100  10  10  50  50   0 100   0  50   0 
  0   0 100   0   0   0  10  50  50  50  50 100   0 100   0 100   0   0   0  50 100   0   0   0   0 100   0 100 100   0  50  10   0   0  10  10   0   0 
 10  10   0  10   0   0  50   0 100   0 100   0 100   0   0   0   0   0 100  10   0   0   0  10   0   0  50   0   0 100   0   0   0   0  10  50  10 100 
 50   0 100   0  10   0  10 100  10   0   0   0   0   0  50  50   0 100   0 100   0   0  50  50   0 100  10 100   0   0   0  10   0   0  50  10   0  10 
  0 100   0   0   0   0 100   0   0  50   0 100   0 100   0   0  50  10 100   0 100   0 100   0   0   0   0   0  10  50  50   0   0   0 100   0  10  10 
  0  10   0   0  10  10   0  10 100   0   0  10 100  10 100 100 100   0   0 100   0 100 100   0  50   0 100   0 100  10   0 100   0 100   0   0  50   0 
  0   0   0  50   0  10   0 100   0  50  10  10 100 100  50  10   0   0   0   0 100   0 100   0   0  50   0 100   0  10 100  10 100   0   0   0   0  50 
100  10 100  10   0   0   0   0  50 100   0  10 100  50   0  10   0   0  50 100 100 100   0   0   0   0   0  10   0   0   0 100   0   0 100   0  50  50 
100  10  10   0  10  50   0  50   0   0 100   0 100   0   0   0   0  10  50   0   0   0   0   0  10   0 100  10 100  10  10 100 100  50 100  10  50  10 
  0  50  10  10   0   0   0   0  10  50  10  50   0   0   0  10   0   0   0   0  50   0   0  10   0  10   0 100   0   0 100   0 100   0 100  10  10  10 
  0  50   0 100   0  10   0 100   0  10   0   0  10  10  10   0 100   0 100   0   0  50   0   0  10   0   0   0  10   0  10   0  10 100 100 100   0 100 
 10  10   0 100   0   0  50  50  50   0   0   0  50 100   0 100   0  50  10   0 100   0   0 100   0   0   0  50   0   0   0   0 100 100   0   0   0   0 
 50   0  10  50   0   0 100   0 100   0   0   0   0   0  10   0 100   0 100   0   0 100  10  10 100   0  50   0 100   0  10  10   0   0   0   0   0   0 
  0  50  50   0   0 100 100 100 100  50 100  10  10  50   0 100 100   0   0  10 100   0   0 100   0  10   0 100   0  50   0   0   0  10   0  10  10  10 
 10   0  10  50  50   0  50 100 100  50  50  10   0   0   0  10   0 100   0  50  10  10   0  10   0   0   0   0  50   0   0   0   0  50   0   0   0  10 
  0   0 100   0   0   0 100   0   0  50  50  10   0 100  10  10  50   0   0  50   0 100   0  10 100  10   0  10   0   0   0 100   0   0   0  10   0 100 
  0   0   0   0   0   0   0   0   0  10 100  10   0   0  10  50  10   0  10   0 100  10 100 100   0   0   0  10   0   0 100   0   0   0 100  10  10   0 
  0  50 100  50   0   0   0   0   0   0   0 100   0   0   0  50   0   0   0   0   0 100   0 100 100  10 100   0   0   0   0   0   0  50 100   0  50   0 
100 100  50  50   0 100 100   0   0  50 100   0 100   0   0   0   0   0   0   0 100   0   0  50   0 100 100   0  10  50   0   0  50   0   0 100 100 100 
  0 100   0  50   0  10 100   0   0 100  50   0 100  50   0 100  10  10  50 100   0   0 100 100 100 100   0   0   0   0   0 100 100   0   0   0  10 100 
  0   0  50 100   0 100  50 100  50   0   0 100   0   0   0   0  10  50  10   0   0   0   0  10  10 100   0   0  10   0  10  10   0 100   0   0 100 100 
  0 100  50   0   0 100   0   0  10   0   0   0  10   0   0  50   0  10   0  10  50   0  50  50  10   0   0   0  10   0   0  10  50 100  10 100   0 100 
 10 100   0   0 100   0 100   0 100   0  50 100   0   0  10   0   0 100  10  10   0  50  50  10  10 100   0   0  10  10 100   0   0 100 100 100 100   0 

OUT: 
6 3 1 3 6 1 1 4 4 3 1 7 7 7 6 3 1 2 2 7 1 7 1 4 8 3 4 2 1 6 7 2 4 3 3 1 3 3 
Quality of solution = 0.752704
Working time = 0.000642742s


TEST 46:
8
80 40 80 60 80 60 40 40 
36
5 20 5 20 10 20 5 20 5 5 10 5 20 10 10 5 5 5 10 20 20 10 10 5 10 5 20 5 10 5 20 10 20 5 5 5 
  0   0   0  50  10   0  50   0  10   0   0 100   0   0 100  50  10  10  50   0   0 100  50   0   0  50  10   0 100 100   0  50   0   0   0   0 
  0   0 100  10  10   0  10 100  50 100 100   0  10  50   0   0   0 100  50   0  10 100  10 100 100  50  10 100   0  50   0 100  10 100  50 100 
  0 100   0   0   0  10   0 100 100  50 100   0 100  10 100   0   0  50  10   0   0 100   0 100   0   0  50   0   0   0   0   0  10  50   0   0 
 50  10   0   0   0  10   0   0  50  10   0   0  50   0   0   0  10 100  50   0   0  50  50   0  50  50 100  10   0 100   0 100  10  10   0   0 
 10  10   0   0   0   0   0  50 100 100  50   0   0  50   0 100   0   0 100 100   0  10  50   0   0  50   0 100  10 100  10 100   0   0   0  50 
  0   0  10  10   0   0   0   0  10   0  50  50  50 100   0  50   0   0   0   0   0   0   0 100  10   0   0   0   0   0 100   0   0  50   0   0 
 50  10   0   0   0   0   0 100   0  10   0   0  10  10   0   0  10 100  50   0 100 100  10   0  50  50   0  50  10 100 100  50   0   0   0  10 
  0 100 100   0  50   0 100   0   0  10  50   0   0 100 100  50   0   0 100   0   0   0 100   0  10 100  50   0  50   0   0   0  10   0   0  50 
 10  50 100  50 100  10   0   0   0   0   0   0 100  10 100  10   0  50   0  50   0   0  10   0   0   0   0  10  10 100 100  50  50   0 100 100 
  0 100  50  10 100   0  10  10   0   0   0  10 100   0   0   0   0   0  10   0  10 100  50  50   0  10  10 100   0   0 100   0  50  50  10   0 
  0 100 100   0  50  50   0  50   0   0   0   0  10   0  50   0 100 100   0 100   0  50  10   0   0   0  10   0   0 100   0   0 100   0   0  50 
100   0   0   0   0  50   0   0   0  10   0   0 100 100  50   0   0  50   0  50   0   0  10   0   0   0   0   0  10   0   0 100   0   0   0   0 
  0  10 100  50   0  50  10   0 100 100  10 100   0 100  10 100   0 100   0  50 100  10   0   0   0 100   0  10  50  50 100  50   0   0   0  50 
  0  50  10   0  50 100  10 100  10   0   0 100 100   0   0  10   0   0  50  10   0 100   0 100 100   0   0   0 100 100   0 100 100  10   0   0 
100   0 100   0   0   0   0 100 100   0  50  50  10   0   0   0  10 100 100   0   0   0   0   0  50 100   0   0  50  50  10   0   0   0  10   0 
 50   0   0   0 100  50   0  50  10   0   0   0 100  10   0   0  10   0  50   0  50   0  10   0   0   0   0 100   0   0   0   0   0   0 100   0 
 10   0   0  10   0   0  10   0   0   0 100   0   0   0  10  10   0   0   0   0 100   0 100   0   0   0  10   0  10 100   0   0 100   0  50   0 
 10 100  50 100   0   0 100   0  50   0 100  50 100   0 100   0   0   0   0   0   0 100  10 100   0   0  10   0 100   0  50  50 100   0 100 100 
 50  50  10  50 100   0  50 100   0  10   0   0   0  50 100  50   0   0   0   0  50   0   0   0   0   0   0   0   0   0   0  10  10  50 100   0 
  0   0   0   0 100   0   0   0  50   0 100  50  50  10   0   0   0   0   0   0   0   0 100   0  10   0   0  10   0   0   0   0 100  10   0  50 
  0  10   0   0   0   0 100   0   0  10   0   0 100   0   0  50 100   0  50   0   0  10   0   0  10   0   0   0  50   0 100 100 100   0 100   0 
100 100 100  50  10   0 100   0   0 100  50   0  10 100   0   0   0 100   0   0  10   0  50  50   0 100   0   0   0   0   0  10 100   0   0  50 
 50  10   0  50  50   0  10 100  10  50  10  10   0   0   0  10 100  10   0 100   0  50   0   0 100   0   0 100   0   0   0   0 100 100  50 100 
  0 100 100   0   0 100   0   0   0  50   0   0   0 100   0   0   0 100   0   0   0  50   0   0  50   0   0   0   0  50   0   0  50   0 100   0 
  0 100   0  50   0  10  50  10   0   0   0   0   0 100  50   0   0   0   0  10  10   0 100  50   0   0   0  50   0   0   0   0   0  10  10 100 
 50  50   0  50  50   0  50 100   0  10   0   0 100   0 100   0   0   0   0   0   0 100   0   0   0   0  10   0  10   0  50   0   0   0   0 100 
 10  10  50 100   0   0   0  50   0  10  10   0   0   0   0   0  10  10   0   0   0   0   0   0   0  10   0   0 100  50   0  10   0  50  50   0 
  0 100   0  10 100   0  50   0  10 100   0   0  10   0   0 100   0   0   0  10   0   0 100   0  50   0   0   0   0   0   0   0   0  50   0  10 
100   0   0   0  10   0  10  50  10   0   0  10  50 100  50   0  10 100   0   0  50   0   0   0   0  10 100   0   0  10   0   0  10   0   0   0 
100  50   0 100 100   0 100   0 100   0 100   0  50 100  50   0 100   0   0   0   0   0   0  50   0   0  50   0  10   0   0   0   0   0 100 100 
  0   0   0   0  10 100 100   0 100 100   0   0 100   0  10   0   0  50   0   0 100   0   0   0   0  50   0   0   0   0   0   0   0 100 100   0 
 50 100   0 100 100   0  50   0  50   0   0 100  50 100   0   0   0  50  10   0 100  10   0   0   0   0  10   0   0   0   0   0   0   0   0  10 
  0  10  10  10   0   0   0  10  50  50 100   0   0 100   0   0 100 100  10 100 100 100 100  50   0   0   0   0  10   0   0   0   0  50  50   0 
  0 100  50  10   0  50   0   0   0  50   0   0   0  10   0   0   0   0  50  10   0   0 100   0  10   0  50  50   0   0 100   0  50   0 100  10 
  0  50   0   0   0   0   0   0 100  10   0   0   0   0  10 100  50 100 100   0 100   0  50 100  10   0  50   0   0 100 100   0  50 100   0 100 
  0 100   0   0  50   0  10  50 100   0  50   0  50   0   0   0   0 100   0  50   0  50 100   0 100 100   0  10   0 100   0  10   0  10 100   0 

OUT: 
4 1 1 4 5 6 5 1 3 5 1 6 3 3 1 6 4 1 5 6 5 1 4 3 4 3 2 4 6 3 5 5 3 4 3 3 
Quality of solution = 0.706926
Working time = 0.000520131s


TEST 47:
8
40 40 40 80 60 60 40 60 
29
20 10 5 10 10 20 5 20 10 10 20 10 5 10 10 10 20 5 10 20 5 5 10 5 20 20 20 5 5 
  0  10   0 100  50 100   0   0 100   0   0 100 100 100   0   0  50   0   0   0   0  50   0 100 100 100  50   0  10 
 10   0   0 100  10  10  50   0 100   0 100  10 100  10 100  50  10  10 100  10   0 100   0   0 100  50   0   0   0 
  0   0   0   0  50  10 100   0 100   0 100  10   0   0   0  10  10   0  50   0 100   0 100 100 100 100  50   0  10 
100 100   0   0   0   0   0   0   0   0  50   0   0  10   0   0   0  10   0  50  10 100 100 100  10   0   0   0   0 
 50  10  50   0   0  10   0  10   0   0  50   0  50  50   0  10   0 100   0   0   0  50  50   0  50 100   0   0   0 
100  10  10   0  10   0   0  10 100   0 100   0  50   0   0   0   0   0  50 100  50  10   0   0   0   0   0  10  10 
  0  50 100   0   0   0   0  50  50  10   0 100 100 100  10   0   0  50   0  50   0  10   0  50  50   0   0   0  10 
  0   0   0   0  10  10  50   0   0 100  50   0   0  50   0 100   0  50   0  50   0  10  10  10  10 100   0   0   0 
100 100 100   0   0 100  50   0   0  10   0   0   0   0   0  10 100 100 100   0  10  50   0   0   0  10   0  10 100 
  0   0   0   0   0   0  10 100  10   0   0  10   0   0 100  50   0   0  10   0 100   0   0   0  50   0   0 100   0 
  0 100 100  50  50 100   0  50   0   0   0 100   0 100  50   0   0   0   0   0  10   0   0   0   0   0   0   0  10 
100  10  10   0   0   0 100   0   0  10 100   0   0   0   0   0  50 100 100   0   0 100  50 100  10   0   0  10 100 
100 100   0   0  50  50 100   0   0   0   0   0   0   0  10   0 100   0  10   0 100  10 100   0 100   0   0   0  50 
100  10   0  10  50   0 100  50   0   0 100   0   0   0  50  10   0   0   0 100 100   0  50   0   0   0  50   0   0 
  0 100   0   0   0   0  10   0   0 100  50   0  10  50   0 100   0   0 100   0 100   0   0   0   0   0   0  50  50 
  0  50  10   0  10   0   0 100  10  50   0   0   0  10 100   0  10 100   0 100   0   0  10   0   0 100   0   0 100 
 50  10  10   0   0   0   0   0 100   0   0  50 100   0   0  10   0   0  10   0  10   0   0  10   0   0  50   0   0 
  0  10   0  10 100   0  50  50 100   0   0 100   0   0   0 100   0   0   0   0  50   0 100 100  10   0   0  10  50 
  0 100  50   0   0  50   0   0 100  10   0 100  10   0 100   0  10   0   0   0   0 100   0   0  10  10   0  50  50 
  0  10   0  50   0 100  50  50   0   0   0   0   0 100   0 100   0   0   0   0 100   0   0  10   0   0   0   0   0 
  0   0 100  10   0  50   0   0  10 100  10   0 100 100 100   0  10  50   0 100   0   0   0  10  10   0  50  10 100 
 50 100   0 100  50  10  10  10  50   0   0 100  10   0   0   0   0   0 100   0   0   0  50   0  50  10   0  10 100 
  0   0 100 100  50   0   0  10   0   0   0  50 100  50   0  10   0 100   0   0   0  50   0 100 100   0   0  10 100 
100   0 100 100   0   0  50  10   0   0   0 100   0   0   0   0  10 100   0  10  10   0 100   0  50   0   0  50   0 
100 100 100  10  50   0  50  10   0  50   0  10 100   0   0   0   0  10  10   0  10  50 100  50   0   0  50   0  10 
100  50 100   0 100   0   0 100  10   0   0   0   0   0   0 100   0   0  10   0   0  10   0   0   0   0   0   0   0 
 50   0  50   0   0   0   0   0   0   0   0   0   0  50   0   0  50   0   0   0  50   0   0   0  50   0   0 100  10 
  0   0   0   0   0  10   0   0  10 100   0  10   0   0  50   0   0  10  50   0  10  10  10  50   0   0 100   0   0 
 10   0  10   0   0  10  10   0 100   0  10 100  50   0  50 100   0  50  50   0 100 100 100   0  10   0  10   0   0 

OUT: 
4 5 5 4 6 6 5 1 5 1 6 4 5 6 8 8 2 5 5 8 5 4 4 4 4 8 2 1 5 
Quality of solution = 0.645985
Working time = 0.000348189s


TEST 48:
8
60 80 40 100 100 40 40 80 
34
20 20 5 10 10 10 20 10 10 10 5 10 5 10 20 20 10 20 10 20 20 5 20 10 20 5 5 10 5 10 20 20 20 5 
  0  50   0   0 100 100   0   0   0 100  50 100   0   0   0  50   0   0 100   0  10   0   0   0  50  50  10  10 100  10   0   0 100  50 
 50   0   0   0 100 100   0   0   0   0 100   0   0   0  50  10   0 100 100 100   0   0  10 100   0  10   0 100  50   0   0   0  50   0 
  0   0   0  50  10   0 100   0 100  10 100   0  10 100   0   0 100 100 100   0   0  50  10 100 100   0   0   0   0 100   0   0  50   0 
  0   0  50   0   0  50 100   0  50   0  50  50  50  10   0  50  50   0 100   0   0   0   0   0   0  10 100   0   0   0   0   0 100  50 
100 100  10   0   0 100   0   0 100 100  10   0   0  50   0  10   0   0 100   0  50   0   0   0   0   0 100  50   0   0   0 100   0  50 
100 100   0  50 100   0   0 100   0   0 100 100   0  10 100   0   0 100 100  50  50   0   0 100   0  50   0  10 100  10   0   0  50  50 
  0   0 100 100   0   0   0   0  10 100   0  50 100  50   0  10 100   0   0  10   0  10  50  50  10   0   0  50   0  10 100  50  50   0 
  0   0   0   0   0 100   0   0   0 100  50  10   0   0  10 100   0   0 100   0   0  10  10   0  50  50   0  50   0 100  10  10  50 100 
  0   0 100  50 100   0  10   0   0  10  10   0  50  10   0  50  10  10   0  50 100  50   0 100  10   0   0  10   0   0  50  50   0   0 
100   0  10   0 100   0 100 100  10   0  10 100   0 100  50 100   0   0 100   0  10   0  50  10   0   0 100   0 100 100 100   0  50  10 
 50 100 100  50  10 100   0  50  10  10   0   0 100   0  50  10   0   0 100   0   0  10   0   0   0   0  10   0  10   0 100   0   0   0 
100   0   0  50   0 100  50  10   0 100   0   0   0   0   0  50   0 100  50 100  50 100   0   0   0  10  50 100 100   0  10   0   0   0 
  0   0  10  50   0   0 100   0  50   0 100   0   0  10   0   0   0   0   0  10   0 100  10   0   0   0   0   0   0  50  10  50   0   0 
  0   0 100  10  50  10  50   0  10 100   0   0  10   0   0   0 100  10  50  50 100  50   0  50   0   0 100   0   0   0   0  10   0   0 
  0  50   0   0   0 100   0  10   0  50  50   0   0   0   0   0   0   0   0 100 100 100   0  10 100 100   0   0   0   0 100  10  10   0 
 50  10   0  50  10   0  10 100  50 100  10  50   0   0   0   0 100  10   0  10   0  50  50 100   0   0   0   0 100 100  10   0   0 100 
  0   0 100  50   0   0 100   0  10   0   0   0   0 100   0 100   0 100   0  10   0   0  50 100  50   0  50 100  10  10   0 100  50   0 
  0 100 100   0   0 100   0   0  10   0   0 100   0  10   0  10 100   0   0   0   0   0  10   0   0   0  10   0   0   0   0  10   0   0 
100 100 100 100 100 100   0 100   0 100 100  50   0  50   0   0   0   0   0   0  50 100   0   0   0 100   0   0   0   0 100  50 100   0 
  0 100   0   0   0  50  10   0  50   0   0 100  10  50 100  10  10   0   0   0   0 100  50   0 100   0   0   0 100  50   0  50   0  10 
 10   0   0   0  50  50   0   0 100  10   0  50   0 100 100   0   0   0  50   0   0 100   0  50   0   0   0   0 100   0 100   0   0  10 
  0   0  50   0   0   0  10  10  50   0  10 100 100  50 100  50   0   0 100 100 100   0 100  50 100  50 100 100   0   0  10   0   0   0 
  0  10  10   0   0   0  50  10   0  50   0   0  10   0   0  50  50  10   0  50   0 100   0   0   0   0   0   0   0  10   0   0   0   0 
  0 100 100   0   0 100  50   0 100  10   0   0   0  50  10 100 100   0   0   0  50  50   0   0   0 100   0   0  50 100   0   0 100  50 
 50   0 100   0   0   0  10  50  10   0   0   0   0   0 100   0  50   0   0 100   0 100   0   0   0 100   0   0   0   0  50   0  10 100 
 50  10   0  10   0  50   0  50   0   0   0  10   0   0 100   0   0   0 100   0   0  50   0 100 100   0   0  50  50   0 100   0   0  50 
 10   0   0 100 100   0   0   0   0 100  10  50   0 100   0   0  50  10   0   0   0 100   0   0   0   0   0  10 100   0   0 100  50   0 
 10 100   0   0  50  10  50  50  10   0   0 100   0   0   0   0 100   0   0   0   0 100   0   0   0  50  10   0   0   0  10  50 100   0 
100  50   0   0   0 100   0   0   0 100  10 100   0   0   0 100  10   0   0 100 100   0   0  50   0  50 100   0   0  10 100  50 100 100 
 10   0 100   0   0  10  10 100   0 100   0   0  50   0   0 100  10   0   0  50   0   0  10 100   0   0   0   0  10   0  50 100   0  10 
  0   0   0   0   0   0 100  10  50 100 100  10  10   0 100  10   0   0 100   0 100  10   0   0  50 100   0  10 100  50   0   0  10 100 
  0   0   0   0 100   0  50  10  50   0   0   0  50  10  10   0 100  10  50  50   0   0   0   0   0   0 100  50  50 100   0   0   0   0 
100  50  50 100   0  50  50  50   0  50   0   0   0   0  10   0  50   0 100   0   0   0   0 100  10   0  50 100 100   0  10   0   0 100 
 50   0   0  50  50  50   0 100   0  10   0   0   0   0   0 100   0   0   0  10  10   0   0  50 100  50   0   0 100  10 100   0 100   0 

OUT: 
4 4 8 5 4 4 8 5 8 4 4 4 8 8 2 5 8 1 4 2 2 2 3 5 8 2 5 2 4 1 5 1 5 5 
Quality of solution = 0.670238
Working time = 0.000452791s


TEST 49:
8
80 80 60 40 60 60 40 40 
29
20 10 5 5 20 5 20 20 5 20 10 5 20 20 20 10 20 5 5 10 10 20 10 5 10 20 10 5 20 
  0  10 100   0  10  50   0  50   0  50 100   0  10  50  50   0 100   0  10  10   0   0   0  10  50   0 100   0 100 
 10   0  50  50 100   0 100  50   0   0   0  50  10   0   0   0  10   0  50  10   0   0  50   0  50   0  50   0   0 
100  50   0   0   0   0   0 100   0   0   0   0  10   0   0 100  50   0   0   0  10 100  10   0   0  10   0   0 100 
  0  50   0   0   0  50   0  10   0   0   0  50 100  50  50   0  50   0  50   0  10   0 100  10  50  50 100  50   0 
 10 100   0   0   0   0   0   0   0  10   0 100 100   0   0  50 100 100  10   0  10   0   0   0   0   0   0   0   0 
 50   0   0  50   0   0  10 100  50 100 100   0   0   0   0   0   0   0 100   0   0 100 100  50   0   0   0 100  10 
  0 100   0   0   0  10   0  10 100 100  50  10 100   0   0   0 100   0  50  10   0 100 100   0  10 100   0   0   0 
 50  50 100  10   0 100  10   0   0   0 100  50  10   0 100   0   0  10   0 100 100  10   0 100   0  50   0  10 100 
  0   0   0   0   0  50 100   0   0   0  50   0   0   0   0   0   0 100 100  10   0   0  50  50  10  50   0  50 100 
 50   0   0   0  10 100 100   0   0   0   0   0  50   0 100   0  50   0   0  10 100   0   0   0   0 100  50   0   0 
100   0   0   0   0 100  50 100  50   0   0  10   0   0   0   0   0  50   0  50  10   0   0   0  10   0   0   0 100 
  0  50   0  50 100   0  10  50   0   0  10   0   0  10   0   0   0  50   0   0   0   0  10   0 100   0  10  50   0 
 10  10  10 100 100   0 100  10   0  50   0   0   0   0   0   0  50   0 100  50   0 100   0   0 100  10  10   0   0 
 50   0   0  50   0   0   0   0   0   0   0  10   0   0 100  10   0 100  10 100  50  10   0   0 100  50 100 100 100 
 50   0   0  50   0   0   0 100   0 100   0   0   0 100   0   0   0 100   0 100 100   0  50 100   0   0   0   0  10 
  0   0 100   0  50   0   0   0   0   0   0   0   0  10   0   0   0 100   0 100   0   0 100  50 100 100   0   0 100 
100  10  50  50 100   0 100   0   0  50   0   0  50   0   0   0   0  10  50  10 100  50 100  10  50  10   0   0 100 
  0   0   0   0 100   0   0  10 100   0  50  50   0 100 100 100  10   0  50   0   0  10 100  50   0  10   0  50   0 
 10  50   0  50  10 100  50   0 100   0   0   0 100  10   0   0  50  50   0  50   0 100   0 100 100  50   0 100   0 
 10  10   0   0   0   0  10 100  10  10  50   0  50 100 100 100  10   0  50   0  10  50 100   0  50   0  10   0   0 
  0   0  10  10  10   0   0 100   0 100  10   0   0  50 100   0 100   0   0  10   0   0   0   0   0  10   0  50   0 
  0   0 100   0   0 100 100  10   0   0   0   0 100  10   0   0  50  10 100  50   0   0 100 100   0   0   0   0 100 
  0  50  10 100   0 100 100   0  50   0   0  10   0   0  50 100 100 100   0 100   0 100   0   0  50   0   0  10   0 
 10   0   0  10   0  50   0 100  50   0   0   0   0   0 100  50  10  50 100   0   0 100   0   0  50 100 100   0   0 
 50  50   0  50   0   0  10   0  10   0  10 100 100 100   0 100  50   0 100  50   0   0  50  50   0  10  50   0  10 
  0   0  10  50   0   0 100  50  50 100   0   0  10  50   0 100  10  10  50   0  10   0   0 100  10   0   0   0 100 
100  50   0 100   0   0   0   0   0  50   0  10  10 100   0   0   0   0   0  10   0   0   0 100  50   0   0   0  10 
  0   0   0  50   0 100   0  10  50   0   0  50   0 100   0   0   0  50 100   0  50   0  10   0   0   0   0   0  50 
100   0 100   0   0  10   0 100 100   0 100   0   0 100  10 100 100   0   0   0   0 100   0   0  10 100  10  50   0 

OUT: 
1 6 1 6 4 1 2 1 2 5 1 4 6 5 5 3 2 3 2 3 6 2 2 3 3 3 6 6 1 
Quality of solution = 0.700084
Working time = 0.000300129s

Тестирование завершено
