Начинаю тестирование 

TEST 10:
4
100 40 80 60 
19
5 10 10 10 5 20 5 10 20 10 10 5 10 20 5 20 20 20 5 
  0  50  50 100   0   0   0 100  10   0   0  50  10  10 100   0   0   0   0 
 50   0   0  50  10   0 100 100  50 100 100   0 100  50   0  50 100   0   0 
 50   0   0  10  10 100   0 100  50   0   0 100   0  50   0  50 100   0   0 
100  50  10   0   0   0   0  10   0 100  50   0  50   0  50   0 100   0  10 
  0  10  10   0   0   0  10 100   0   0  10  50   0  50  50   0  10   0  10 
  0   0 100   0   0   0   0   0  50  10 100   0   0 100   0   0  10   0   0 
  0 100   0   0  10   0   0  50 100  50 100 100 100   0   0  50  10  50   0 
100 100 100  10 100   0  50   0 100   0   0  10 100   0   0   0   0   0   0 
 10  50  50   0   0  50 100 100   0   0   0   0  50  10   0 100  10 100   0 
  0 100   0 100   0  10  50   0   0   0 100  10   0   0 100  10   0 100   0 
  0 100   0  50  10 100 100   0   0 100   0   0 100  50   0   0   0  10   0 
 50   0 100   0  50   0 100  10   0  10   0   0   0   0 100  10   0  10   0 
 10 100   0  50   0   0 100 100  50   0 100   0   0   0  50  50   0  50  10 
 10  50  50   0  50 100   0   0  10   0  50   0   0   0   0   0 100 100  10 
100   0   0  50  50   0   0   0   0 100   0 100  50   0   0   0   0 100   0 
  0  50  50   0   0   0  50   0 100  10   0  10  50   0   0   0  10  10  10 
  0 100 100 100  10  10  10   0  10   0   0   0   0 100   0  10   0   0  10 
  0   0   0   0   0   0  50   0 100 100  10  10  50 100 100  10   0   0   0 
  0   0   0  10  10   0   0   0   0   0   0   0  10  10   0  10  10   0   0 

OUT: 
3 1 3 3 3 4 1 1 1 1 1 3 1 4 1 3 3 1 3 
Quality of solution = 0.448898
Working time = 0.000692644s


TEST 11:
4
80 80 60 40 
17
20 10 10 10 10 5 20 20 10 5 20 10 20 10 5 10 10 
  0 100  50  50   0 100   0   0  10   0  50   0  10  10   0   0   0 
100   0  50   0 100 100   0 100  10  50   0   0   0 100  50  10  10 
 50  50   0   0  50   0   0   0   0   0 100   0   0   0  10   0   0 
 50   0   0   0   0   0 100  50  10   0  10   0   0   0 100   0   0 
  0 100  50   0   0   0 100   0   0   0  10 100  10  10  50   0   0 
100 100   0   0   0   0   0 100 100  10  10  10  50   0 100   0   0 
  0   0   0 100 100   0   0   0   0 100  10   0 100   0   0  50   0 
  0 100   0  50   0 100   0   0   0  50  50   0   0   0   0 100 100 
 10  10   0  10   0 100   0   0   0 100   0   0   0   0 100   0   0 
  0  50   0   0   0  10 100  50 100   0   0   0  10  10   0 100   0 
 50   0 100  10  10  10  10  50   0   0   0  50  50   0   0 100  10 
  0   0   0   0 100  10   0   0   0   0  50   0   0   0   0   0  50 
 10   0   0   0  10  50 100   0   0  10  50   0   0   0   0  50 100 
 10 100   0   0  10   0   0   0   0  10   0   0   0   0  10   0 100 
  0  50  10 100  50 100   0   0 100   0   0   0   0  10   0   0 100 
  0  10   0   0   0   0  50 100   0 100 100   0  50   0   0   0   0 
  0  10   0   0   0   0   0 100   0   0  10  50 100 100 100   0   0 

OUT: 
1 1 2 1 2 1 2 1 1 2 2 3 3 3 1 2 3 
Quality of solution = 0.450704
Working time = 0.000463691s


TEST 12:
4
80 60 40 40 
14
5 20 20 20 20 10 10 5 5 20 5 20 10 5 
  0   0  50  50 100 100   0 100   0 100 100 100  10   0 
  0   0   0   0  50   0   0 100  50 100  50  50   0   0 
 50   0   0   0   0  10  50  50  10  10  50   0  50 100 
 50   0   0   0  50   0   0   0   0   0  10  10   0   0 
100  50   0  50   0   0  10   0   0  50 100  50   0  10 
100   0  10   0   0   0   0  10 100   0 100   0   0   0 
  0   0  50   0  10   0   0   0   0   0  50   0   0  50 
100 100  50   0   0  10   0   0 100 100  50   0   0   0 
  0  50  10   0   0 100   0 100   0  10 100  50  10  50 
100 100  10   0  50   0   0 100  10   0   0 100  10   0 
100  50  50  10 100 100  50  50 100   0   0   0   0  50 
100  50   0  10  50   0   0   0  50 100   0   0   0   0 
 10   0  50   0   0   0   0   0  10  10   0   0   0   0 
  0   0 100   0  10   0  50   0  50   0  50   0   0   0 

OUT: 
1 2 3 2 1 1 3 1 1 1 1 2 3 1 
Quality of solution = 0.441948
Working time = 0.000298267s


TEST 13:
4
80 40 80 40 
17
5 10 20 10 20 20 10 20 5 10 5 10 10 10 10 10 5 
  0   0  10 100 100   0   0   0  10  10  50   0  50   0   0   0   0 
  0   0  10 100  50  10   0 100   0   0   0 100   0  10 100   0   0 
 10  10   0   0  50   0   0 100   0  10   0  10 100   0   0   0   0 
100 100   0   0   0  10   0   0   0   0  50   0   0 100 100   0   0 
100  50  50   0   0   0  50  10   0   0 100   0  50   0   0   0   0 
  0  10   0  10   0   0   0   0  10 100 100  50   0 100   0 100   0 
  0   0   0   0  50   0   0 100   0   0  50   0 100   0   0 100   0 
  0 100 100   0  10   0 100   0   0   0   0   0   0   0  10   0  50 
 10   0   0   0   0  10   0   0   0   0  10 100 100   0   0  50   0 
 10   0  10   0   0 100   0   0   0   0   0  50   0   0   0 100  50 
 50   0   0  50 100 100  50   0  10   0   0   0   0  10   0   0  50 
  0 100  10   0   0  50   0   0 100  50   0   0   0 100   0 100   0 
 50   0 100   0  50   0 100   0 100   0   0   0   0   0   0  50 100 
  0  10   0 100   0 100   0   0   0   0  10 100   0   0  10   0 100 
  0 100   0 100   0   0   0  10   0   0   0   0   0  10   0   0   0 
  0   0   0   0   0 100 100   0  50 100   0 100  50   0   0   0   0 
  0   0   0   0   0   0   0  50   0  50  50   0 100 100   0   0   0 

OUT: 
1 3 1 3 1 3 1 3 1 2 1 3 1 3 4 2 1 
Quality of solution = 0.482353
Working time = 0.000406975s


TEST 14:
4
40 40 60 40 
12
10 20 5 10 20 20 10 5 5 10 20 5 
  0   0 100 100  10   0   0   0  10  10 100  50 
  0   0 100 100   0   0 100  50  10  50 100   0 
100 100   0   0   0  10   0  50  10  50  50   0 
100 100   0   0  50   0   0   0   0   0  10   0 
 10   0   0  50   0   0   0   0   0   0  50  10 
  0   0  10   0   0   0   0   0  10  50 100   0 
  0 100   0   0   0   0   0   0   0  10  10  10 
  0  50  50   0   0   0   0   0 100  10  10 100 
 10  10  10   0   0  10   0 100   0   0   0   0 
 10  50  50   0   0  50  10  10   0   0 100  50 
100 100  50  10  50 100  10  10   0 100   0   0 
 50   0   0   0  10   0  10 100   0  50   0   0 

OUT: 
3 3 3 1 1 2 2 3 4 2 3 4 
Quality of solution = 0.614943
Working time = 0.000257135s


TEST 15:
4
100 60 80 60 
20
5 20 5 20 5 5 5 5 20 20 10 10 5 20 10 5 20 20 20 10 
  0 100   0  50  10  10   0   0   0  10   0 100   0  50   0  10  50   0 100   0 
100   0  10   0  10   0   0 100   0   0   0   0   0   0  50   0 100 100   0 100 
  0  10   0  10  50   0 100  10 100   0  10 100   0   0   0  10  10 100   0  10 
 50   0  10   0   0   0   0 100   0   0  10 100 100 100  10  50   0   0 100  50 
 10  10  50   0   0   0   0   0   0   0   0 100   0   0   0 100  10 100  10   0 
 10   0   0   0   0   0 100   0   0   0   0   0   0  10   0  10   0   0   0   0 
  0   0 100   0   0 100   0   0   0   0   0  50   0   0  10  50  10   0   0  50 
  0 100  10 100   0   0   0   0  50   0   0 100 100   0   0 100 100   0   0   0 
  0   0 100   0   0   0   0  50   0   0   0  50   0   0  10  10   0  50   0  50 
 10   0   0   0   0   0   0   0   0   0   0  50  10   0   0   0  50   0  10   0 
  0   0  10  10   0   0   0   0   0   0   0  50 100   0   0  50   0   0  50   0 
100   0 100 100 100   0  50 100  50  50  50   0   0   0   0  50  10   0  50 100 
  0   0   0 100   0   0   0 100   0  10 100   0   0   0   0  50  10   0 100 100 
 50   0   0 100   0  10   0   0   0   0   0   0   0   0   0   0   0   0 100 100 
  0  50   0  10   0   0  10   0  10   0   0   0   0   0   0   0  50  10   0 100 
 10   0  10  50 100  10  50 100  10   0  50  50  50   0   0   0  50   0 100   0 
 50 100  10   0  10   0  10 100   0  50   0  10  10   0  50  50   0 100 100   0 
  0 100 100   0 100   0   0   0  50   0   0   0   0   0  10   0 100   0   0  10 
100   0   0 100  10   0   0   0   0  10  50  50 100 100   0 100 100   0   0   0 
  0 100  10  50   0   0  50   0  50   0   0 100 100 100 100   0   0  10   0   0 

OUT: 
1 3 3 1 3 3 3 1 4 2 2 1 1 1 4 1 3 3 1 1 
Quality of solution = 0.432377
Working time = 0.000668056s


TEST 16:
4
60 60 40 40 
12
20 20 5 20 20 10 20 10 5 10 10 10 
  0 100   0  50   0 100   0  50   0 100   0  50 
100   0  10   0  10   0   0   0  50 100   0  50 
  0  10   0  50   0   0  50  50   0   0   0 100 
 50   0  50   0  50 100  50   0   0   0   0   0 
  0  10   0  50   0 100   0  10   0   0   0   0 
100   0   0 100 100   0   0   0  10   0   0  10 
  0   0  50  50   0   0   0   0   0  10   0   0 
 50   0  50   0  10   0   0   0   0  50  10   0 
  0  50   0   0   0  10   0   0   0 100   0  50 
100 100   0   0   0   0  10  50 100   0 100   0 
  0   0   0   0   0   0   0  10   0 100   0   0 
 50  50 100   0   0  10   0   0  50   0   0   0 

OUT: 
1 1 2 2 3 2 4 2 1 1 3 2 
Quality of solution = 0.515924
Working time = 0.000257398s


TEST 17:
4
60 40 100 40 
15
10 20 20 20 10 10 5 20 10 10 20 10 10 10 5 
  0 100   0  50 100  50 100   0  10  50  50   0   0   0  10 
100   0   0   0   0   0 100   0   0  10   0 100 100   0   0 
  0   0   0   0   0   0   0  10  10  10 100   0  50 100  50 
 50   0   0   0 100  10   0  10   0  50 100  10   0   0   0 
100   0   0 100   0 100 100  50   0   0   0   0  50   0   0 
 50   0   0  10 100   0   0   0 100   0   0   0 100   0 100 
100 100   0   0 100   0   0 100  10 100   0   0   0  50 100 
  0   0  10  10  50   0 100   0 100   0   0   0   0   0   0 
 10   0  10   0   0 100  10 100   0 100  10 100 100 100  50 
 50  10  10  50   0   0 100   0 100   0   0  10   0  50  10 
 50   0 100 100   0   0   0   0  10   0   0  10 100   0  50 
  0 100   0  10   0   0   0   0 100  10  10   0   0   0   0 
  0 100  50   0  50 100   0   0 100   0 100   0   0 100  10 
  0   0 100   0   0   0  50   0 100  50   0   0 100   0   0 
 10   0  50   0   0 100 100   0  50  10  50   0  10   0   0 

OUT: 
1 1 3 1 1 3 3 2 3 3 3 4 3 3 3 
Quality of solution = 0.421212
Working time = 0.000333481s


TEST 18:
4
40 40 60 40 
10
10 20 5 20 20 20 10 10 20 5 
  0 100   0   0 100   0  50  50  10   0 
100   0  10   0   0 100  10   0  50   0 
  0  10   0   0   0   0  10  50 100   0 
  0   0   0   0  10 100 100  50   0   0 
100   0   0  10   0   0   0   0  10  50 
  0 100   0 100   0   0   0   0   0   0 
 50  10  10 100   0   0   0 100   0   0 
 50   0  50  50   0   0 100   0  50  10 
 10  50 100   0  10   0   0  50   0   0 
  0   0   0   0  50   0   0  10   0   0 

OUT: 
3 3 2 1 3 1 3 2 2 2 
Quality of solution = 0.491071
Working time = 0.000177626s


TEST 19:
4
40 100 60 80 
20
20 5 20 10 10 10 5 5 5 10 10 20 10 10 5 10 10 20 20 5 
  0  50   0   0   0   0 100   0   0   0   0   0  50 100 100  50  10  50   0  50 
 50   0   0   0   0 100  10   0   0  10   0 100  10   0   0   0 100 100  50   0 
  0   0   0  10  50  50   0  10 100   0   0  50   0  10  10   0   0  10   0   0 
  0   0  10   0  50   0   0  50   0 100 100 100   0   0 100  50  10   0  10   0 
  0   0  50  50   0  50  50  10  50   0  10  10   0   0   0 100  10  10   0   0 
  0 100  50   0  50   0   0   0 100 100  10  10   0   0   0   0  50   0   0   0 
100  10   0   0  50   0   0  10 100   0   0   0  10   0   0 100  50   0   0  10 
  0   0  10  50  10   0  10   0  50  50 100   0   0  10  10   0   0   0  50  50 
  0   0 100   0  50 100 100  50   0  10   0 100   0   0  10 100 100   0   0   0 
  0  10   0 100   0 100   0  50  10   0  50   0   0   0 100   0   0   0 100   0 
  0   0   0 100  10  10   0 100   0  50   0 100   0   0  50   0   0  10   0   0 
  0 100  50 100  10  10   0   0 100   0 100   0   0   0 100   0  10   0   0   0 
 50  10   0   0   0   0  10   0   0   0   0   0   0 100   0   0  50   0  50 100 
100   0  10   0   0   0   0  10   0   0   0   0 100   0 100   0 100 100  10   0 
100   0  10 100   0   0   0  10  10 100  50 100   0 100   0  50 100 100  10 100 
 50   0   0  50 100   0 100   0 100   0   0   0   0   0  50   0  10   0   0   0 
 10 100   0  10  10  50  50   0 100   0   0  10  50 100 100  10   0  50   0  50 
 50 100  10   0  10   0   0   0   0   0  10   0   0 100 100   0  50   0   0   0 
  0  50   0  10   0   0   0  50   0 100   0   0  50  10  10   0   0   0   0   0 
 50   0   0   0   0   0  10  50   0   0   0   0 100   0 100   0  50   0   0   0 

OUT: 
2 2 3 2 4 4 4 4 4 4 4 2 4 2 2 4 2 2 1 4 
Quality of solution = 0.46
Working time = 0.000365872s

Тестирование завершено
