Начинаю тестирование 

TEST 20:
4
80 100 100 80 
33
10 5 20 5 20 10 10 20 5 5 20 10 10 10 5 5 10 20 10 5 20 10 10 20 10 10 10 20 10 5 5 10 5 
  0   0  10  10 100  10  10   0   0  10  10  50   0 100   0  50  10  10   0  50   0 100   0   0 100  10   0  10   0   0   0   0   0 
  0   0  50   0  10  50  10 100   0   0  10   0  50  50  10  50   0  50   0   0   0   0  50  50  50   0   0   0   0   0  50  10  10 
 10  50   0   0   0   0   0   0 100   0  10  50 100   0   0  10  10   0 100   0  10   0   0   0  10   0 100   0  50 100   0  50   0 
 10   0   0   0 100  10   0   0  10 100 100   0   0  10  10  10 100 100   0   0  10 100 100   0   0   0   0  50  10   0   0  50   0 
100  10   0 100   0   0  10   0   0 100   0   0  50  50  50  10   0 100   0 100   0   0  10   0  10  10 100 100   0  50  50 100   0 
 10  50   0  10   0   0   0  50  50   0  50  50  10  50   0   0 100   0  50   0 100 100  10   0  50  10   0  10 100  50   0   0   0 
 10  10   0   0  10   0   0 100   0   0   0   0  10   0  10  10   0   0  50  50   0  10 100   0 100   0 100  10  50   0  50 100  50 
  0 100   0   0   0  50 100   0  10   0 100   0 100  50  10 100   0  50  10   0  10  10   0   0  10   0   0   0  10  50   0  10  50 
  0   0 100  10   0  50   0  10   0 100  50   0   0   0  10  50   0   0  50   0  10  10  50   0 100   0 100  50  50   0   0 100  10 
 10   0   0 100 100   0   0   0 100   0   0  10  10   0 100 100 100 100  10   0 100 100   0   0   0   0 100   0 100   0   0  10   0 
 10  10  10 100   0  50   0 100  50   0   0 100   0   0 100   0   0  10 100  50   0  10 100  50  50   0  10   0  50   0   0  10 100 
 50   0  50   0   0  50   0   0   0  10 100   0 100   0 100   0 100   0  10 100 100  10  50  50 100  10   0   0  50   0   0  50   0 
  0  50 100   0  50  10  10 100   0  10   0 100   0  10   0   0   0   0  10 100   0   0  50   0   0   0  50   0  50   0   0 100 100 
100  50   0  10  50  50   0  50   0   0   0   0  10   0   0 100 100  10  50 100 100   0   0 100  10 100   0 100 100  50   0   0   0 
  0  10   0  10  50   0  10  10  10 100 100 100   0   0   0   0 100 100  50  50 100   0 100   0  50 100   0   0  50   0   0   0  10 
 50  50  10  10  10   0  10 100  50 100   0   0   0 100   0   0 100   0 100  10   0 100  50  50  50  10   0  50 100  50   0   0 100 
 10   0  10 100   0 100   0   0   0 100   0 100   0 100 100 100   0  50 100  10 100  10  50   0  10   0  10  50   0  10  10  50  50 
 10  50   0 100 100   0   0  50   0 100  10   0   0  10 100   0  50   0   0  50 100   0   0   0  10   0   0 100   0  10   0 100   0 
  0   0 100   0   0  50  50  10  50  10 100  10  10  50  50 100 100   0   0 100   0   0 100   0   0   0   0   0  50   0   0 100  10 
 50   0   0   0 100   0  50   0   0   0  50 100 100 100  50  10  10  50 100   0  50   0   0   0   0  10   0 100 100  10   0   0  10 
  0   0  10  10   0 100   0  10  10 100   0 100   0 100 100   0 100 100   0  50   0 100 100   0  50 100   0 100 100  50   0  50 100 
100   0   0 100   0 100  10  10  10 100  10  10   0   0   0 100  10   0   0   0 100   0   0   0   0 100   0   0   0 100   0   0  10 
  0  50   0 100  10  10 100   0  50   0 100  50  50   0 100  50  50   0 100   0 100   0   0   0   0 100 100   0  50  10  10   0 100 
  0  50   0   0   0   0   0   0   0   0  50  50   0 100   0  50   0   0   0   0   0   0   0   0   0   0  50  50  10   0 100   0  50 
100  50  10   0  10  50 100  10 100   0  50 100   0  10  50  50  10  10   0   0  50   0   0   0   0   0 100   0 100   0  10  50 100 
 10   0   0   0  10  10   0   0   0   0   0  10   0 100 100  10   0   0   0  10 100 100 100   0   0   0  10   0   0 100   0  10   0 
  0   0 100   0 100   0 100   0 100 100  10   0  50   0   0   0  10   0   0   0   0   0 100  50 100  10   0   0  10 100  50 100   0 
 10   0   0  50 100  10  10   0  50   0   0   0   0 100   0  50  50 100   0 100 100   0   0  50   0   0   0   0   0  10   0   0   0 
  0   0  50  10   0 100  50  10  50 100  50  50  50 100  50 100   0   0  50 100 100   0  50  10 100   0  10   0   0  50  50  50 100 
  0   0 100   0  50  50   0  50   0   0   0   0   0  50   0  50  10  10   0  10  50 100  10   0   0 100 100  10  50   0   0   0   0 
  0  50   0   0  50   0  50   0   0   0   0   0   0   0   0   0  10   0   0   0   0   0  10 100  10   0  50   0  50   0   0   0  50 
  0  10  50  50 100   0 100  10 100  10  10  50 100   0   0   0  50 100 100   0  50   0   0   0  50  10 100   0  50   0   0   0 100 
  0  10   0   0   0   0  50  50  10   0 100   0 100   0  10 100  50   0  10  10 100  10 100  50 100   0   0   0 100   0  50 100   0 

OUT: 
4 3 4 1 1 2 3 1 3 2 2 2 3 3 2 3 2 1 3 3 2 1 2 4 3 4 3 4 2 3 1 3 3 
Quality of solution = 0.644349
Working time = 0.000516247s


TEST 21:
4
100 60 40 40 
19
5 10 10 20 20 10 5 20 10 10 10 20 20 20 10 5 20 5 10 
  0   0  10   0  50   0  50   0 100 100  50   0 100   0   0   0   0  10   0 
  0   0  10  10   0   0   0  10 100   0  50  50   0  50  10   0   0   0  50 
 10  10   0   0   0  50  10   0 100  50  50   0   0   0   0 100  10  50   0 
  0  10   0   0   0   0   0  10 100 100   0   0  50   0   0   0  10   0  10 
 50   0   0   0   0  10 100   0   0  10   0  10  10   0  50   0   0  10   0 
  0   0  50   0  10   0   0  50   0 100   0  50   0  50   0  50   0   0   0 
 50   0  10   0 100   0   0   0  10  10   0   0   0  10  10   0   0  10   0 
  0  10   0  10   0  50   0   0   0   0  10   0   0   0  50   0   0   0  10 
100 100 100 100   0   0  10   0   0  10 100  10   0   0  50   0 100   0 100 
100   0  50 100  10 100  10   0  10   0   0   0   0   0 100   0  10   0   0 
 50  50  50   0   0   0   0  10 100   0   0  50  50 100   0  10   0 100   0 
  0  50   0   0  10  50   0   0  10   0  50   0   0  10 100  10   0   0   0 
100   0   0  50  10   0   0   0   0   0  50   0   0  10   0 100 100  10  10 
  0  50   0   0   0  50  10   0   0   0 100  10  10   0   0 100   0   0 100 
  0  10   0   0  50   0  10  50  50 100   0 100   0   0   0   0   0   0   0 
  0   0 100   0   0  50   0   0   0   0  10  10 100 100   0   0   0  10  10 
  0   0  10  10   0   0   0   0 100  10   0   0 100   0   0   0   0   0  10 
 10   0  50   0  10   0  10   0   0   0 100   0  10   0   0  10   0   0 100 
  0  50   0  10   0   0   0  10 100   0   0   0  10 100   0  10  10 100   0 

OUT: 
No Sulution
Working time = 0.000159769s


TEST 22:
4
40 60 40 60 
18
5 20 5 5 20 20 20 10 5 20 5 10 10 5 20 5 10 5 
  0 100   0  10   0   0  10   0   0 100  10 100  10   0  10   0  50   0 
100   0  50 100 100 100   0 100   0 100   0   0   0  10   0   0   0   0 
  0  50   0   0 100   0   0 100   0 100   0   0 100   0 100   0   0 100 
 10 100   0   0  10 100   0   0   0 100  10   0  10 100 100  10 100  50 
  0 100 100  10   0 100  50   0   0   0   0  50   0   0  10   0   0   0 
  0 100   0 100 100   0   0 100   0   0  10   0 100   0 100  50  10  10 
 10   0   0   0  50   0   0  10  10  10  50  10  10   0   0  10  10 100 
  0 100 100   0   0 100  10   0   0   0 100  50  50   0 100   0   0  10 
  0   0   0   0   0   0  10   0   0   0   0  10   0 100  50  50  50   0 
100 100 100 100   0   0  10   0   0   0   0   0   0   0  50  10   0   0 
 10   0   0  10   0  10  50 100   0   0   0   0   0   0  50   0   0  50 
100   0   0   0  50   0  10  50  10   0   0   0   0 100   0  50   0  50 
 10   0 100  10   0 100  10  50   0   0   0   0   0   0   0   0  50   0 
  0  10   0 100   0   0   0   0 100   0   0 100   0   0   0  10  50   0 
 10   0 100 100  10 100   0 100  50  50  50   0   0   0   0 100   0   0 
  0   0   0  10   0  50  10   0  50  10   0  50   0  10 100   0 100 100 
 50   0   0 100   0  10  10   0  50   0   0   0  50  50   0 100   0  10 
  0   0 100  50   0  10 100  10   0   0  50  50   0   0   0 100  10   0 

OUT: 
2 2 4 2 4 2 1 2 3 1 4 3 4 3 4 3 3 3 
Quality of solution = 0.614849
Working time = 0.000161783s


TEST 23:
4
60 60 60 40 
17
20 10 10 10 20 5 10 5 20 20 20 20 20 10 10 5 5 
  0  50   0   0   0   0  10  10   0 100  10 100   0   0   0  50   0 
 50   0  50   0   0   0   0   0   0  10   0  50   0 100 100   0   0 
  0  50   0   0   0  50   0   0   0   0 100 100   0  50 100  50   0 
  0   0   0   0   0 100   0   0  50 100   0 100  10 100  50   0   0 
  0   0   0   0   0  10   0   0  50   0   0  50   0   0   0   0   0 
  0   0  50 100  10   0   0  10 100   0 100 100  10  50 100   0  10 
 10   0   0   0   0   0   0   0   0   0  10 100 100 100 100 100   0 
 10   0   0   0   0  10   0   0   0   0 100   0   0  50  10   0  10 
  0   0   0  50  50 100   0   0   0   0 100  10   0   0   0   0   0 
100  10   0 100   0   0   0   0   0   0  10   0  50  10   0   0   0 
 10   0 100   0   0 100  10 100 100  10   0   0  10  10  10 100  10 
100  50 100 100  50 100 100   0  10   0   0   0  50   0   0  50  10 
  0   0   0  10   0  10 100   0   0  50  10  50   0   0   0   0  50 
  0 100  50 100   0  50 100  50   0  10  10   0   0   0  10   0 100 
  0 100 100  50   0 100 100  10   0   0  10   0   0  10   0   0   0 
 50   0  50   0   0   0 100   0   0   0 100  50   0   0   0   0   0 
  0   0   0   0   0  10   0  10   0   0  10  10  50 100   0   0   0 

OUT: 
No Sulution
Working time = 0.000125608s


TEST 24:
4
60 40 80 40 
17
20 20 5 5 5 5 20 10 20 20 10 20 20 10 5 20 5 
  0 100   0   0  10   0  50   0   0  10  50 100   0  10 100 100   0 
100   0 100  10   0   0  50  10 100  10  10  10   0   0   0   0  50 
  0 100   0 100   0 100 100   0   0 100 100  50 100  10   0  10  10 
  0  10 100   0  50 100   0   0 100  10  50   0  50  50   0   0   0 
 10   0   0  50   0 100  50   0   0   0   0  10   0   0   0  10 100 
  0   0 100 100 100   0   0  50  10 100  10  10 100   0  10  50  50 
 50  50 100   0  50   0   0 100   0   0   0   0   0   0  50  10   0 
  0  10   0   0   0  50 100   0   0 100   0   0  10 100  50   0   0 
  0 100   0 100   0  10   0   0   0   0  50  10 100 100   0 100   0 
 10  10 100  10   0 100   0 100   0   0 100 100  50  50   0  10 100 
 50  10 100  50   0  10   0   0  50 100   0   0   0  10   0   0   0 
100  10  50   0  10  10   0   0  10 100   0   0   0   0   0   0  10 
  0   0 100  50   0 100   0  10 100  50   0   0   0   0  50   0  10 
 10   0  10  50   0   0   0 100 100  50  10   0   0   0  10  10   0 
100   0   0   0   0  10  50  50   0   0   0   0  50  10   0   0 100 
100   0  10   0  10  50  10   0 100  10   0   0   0  10   0   0 100 
  0  50  10   0 100  50   0   0   0 100   0  10  10   0 100 100   0 

OUT: 
3 3 3 3 1 1 3 4 2 1 3 1 2 4 1 4 1 
Quality of solution = 0.606796
Working time = 0.000135216s


TEST 25:
4
60 100 60 80 
26
5 20 10 10 10 10 10 20 10 5 20 20 10 5 20 20 10 20 5 10 10 5 5 5 20 5 
  0 100 100 100   0   0 100  50 100   0   0   0   0  10  50   0   0  10  50   0   0  50 100 100   0  50 
100   0   0   0   0   0   0   0   0 100   0   0  10   0   0  50  50   0   0   0 100  50   0   0   0   0 
100   0   0  10  10   0   0  50   0 100   0 100  50 100  10  50 100   0   0 100  10   0   0   0  50   0 
100   0  10   0  10   0  10   0 100  50   0   0   0   0   0 100   0  10  50 100  10 100  50   0   0  10 
  0   0  10  10   0 100   0  10   0   0   0   0   0   0  10   0   0   0  50 100   0 100  10 100   0   0 
  0   0   0   0 100   0 100  50   0 100   0 100 100   0   0   0   0 100  50   0  10   0   0  10   0   0 
100   0   0  10   0 100   0   0  10   0  50   0 100   0  50  50  10 100   0   0   0  10   0  10 100  10 
 50   0  50   0  10  50   0   0 100   0 100  50   0   0 100  50   0  50 100  10  10   0   0   0 100  10 
100   0   0 100   0   0  10 100   0   0 100  10 100  10 100   0  50  10  10   0   0   0   0  50   0   0 
  0 100 100  50   0 100   0   0   0   0   0   0  50   0  50 100  10  50  10 100   0   0   0   0 100 100 
  0   0   0   0   0   0  50 100 100   0   0   0  10   0   0  50   0   0   0   0 100   0   0   0   0   0 
  0   0 100   0   0 100   0  50  10   0   0   0  10 100   0   0   0 100   0  10  50   0 100  10   0   0 
  0  10  50   0   0 100 100   0 100  50  10  10   0   0   0   0   0   0  50   0   0   0  10 100   0   0 
 10   0 100   0   0   0   0   0  10   0   0 100   0   0   0  50  10 100  10 100   0  10   0  50   0 100 
 50   0  10   0  10   0  50 100 100  50   0   0   0   0   0   0  10 100 100  10   0 100   0  10  50  50 
  0  50  50 100   0   0  50  50   0 100  50   0   0  50   0   0   0   0   0  50   0   0   0   0   0 100 
  0  50 100   0   0   0  10   0  50  10   0   0   0  10  10   0   0  10   0   0 100 100  10   0  50   0 
 10   0   0  10   0 100 100  50  10  50   0 100   0 100 100   0  10   0   0   0  10   0  50   0 100 100 
 50   0   0  50  50  50   0 100  10  10   0   0  50  10 100   0   0   0   0   0   0 100   0   0  10  50 
  0   0 100 100 100   0   0  10   0 100   0  10   0 100  10  50   0   0   0   0   0  10  50 100   0 100 
  0 100  10  10   0  10   0  10   0   0 100  50   0   0   0   0 100  10   0   0   0   0  50   0   0 100 
 50  50   0 100 100   0  10   0   0   0   0   0   0  10 100   0 100   0 100  10   0   0  50  50   0   0 
100   0   0  50  10   0   0   0   0   0   0 100  10   0   0   0  10  50   0  50  50  50   0   0  10   0 
100   0   0   0 100  10  10   0  50   0   0  10 100  50  10   0   0   0   0 100   0  50   0   0   0  10 
  0   0  50   0   0   0 100 100   0 100   0   0   0   0  50   0  50 100  10   0   0   0  10   0   0   0 
 50   0   0  10   0   0  10  10   0 100   0   0   0 100  50 100   0 100  50 100 100   0   0  10   0   0 

OUT: 
2 2 2 2 3 4 4 1 4 2 3 4 3 2 1 2 3 4 2 2 4 3 2 3 1 2 
Quality of solution = 0.593926
Working time = 0.000291518s


TEST 26:
4
60 60 40 60 
18
5 10 5 5 20 10 20 20 20 5 20 20 10 10 10 10 10 10 
  0  10  10   0  50  50   0  10 100   0 100   0 100  50  50   0   0 100 
 10   0  10   0  10  10   0   0   0 100   0   0   0  10   0   0 100 100 
 10  10   0   0   0   0 100   0   0   0   0 100 100  10   0  10   0   0 
  0   0   0   0   0  10   0   0   0   0  10   0 100   0  50  10 100  10 
 50  10   0   0   0   0   0   0  10 100   0  50  50   0   0   0 100  10 
 50  10   0  10   0   0  10   0   0   0   0 100  50   0 100 100 100   0 
  0   0 100   0   0  10   0  50   0 100 100   0   0   0  50   0   0   0 
 10   0   0   0   0   0  50   0 100   0 100  50   0 100 100 100  50  10 
100   0   0   0  10   0   0 100   0  50   0   0   0   0   0   0  10  50 
  0 100   0   0 100   0 100   0  50   0  50   0   0 100  10   0 100  10 
100   0   0  10   0   0 100 100   0  50   0 100   0 100   0  50   0   0 
  0   0 100   0  50 100   0  50   0   0 100   0  10   0 100   0 100  10 
100   0 100 100  50  50   0   0   0   0   0  10   0  50  10   0  50   0 
 50  10  10   0   0   0   0 100   0 100 100   0  50   0   0  10 100 100 
 50   0   0  50   0 100  50 100   0  10   0 100  10   0   0  50  10   0 
  0   0  10  10   0 100   0 100   0   0  50   0   0  10  50   0   0 100 
  0 100   0 100 100 100   0  50  10 100   0 100  50 100  10   0   0   0 
100 100   0  10  10   0   0  10  50  10   0  10   0 100   0 100   0   0 

OUT: 
1 1 3 3 1 2 3 4 4 1 4 2 3 1 2 2 1 2 
Quality of solution = 0.58913
Working time = 0.000154321s


TEST 27:
4
60 60 60 100 
25
10 5 10 20 5 10 10 5 10 20 20 5 20 5 20 10 10 5 20 10 10 20 5 10 5 
  0  50   0  50   0   0  50   0   0   0   0   0   0   0   0   0   0   0 100   0   0  10   0   0  10 
 50   0   0  50 100   0 100 100   0 100 100   0   0   0  50   0   0   0   0  10   0  10  50   0  50 
  0   0   0   0 100  10  10   0   0   0   0   0   0  10 100  50  10 100  10   0  10  50   0   0  50 
 50  50   0   0   0  10 100   0   0   0  50  10   0   0   0   0 100  50 100   0 100   0  50  50   0 
  0 100 100   0   0  50  10  50 100  10   0  50   0 100   0   0 100   0   0 100   0   0   0  10   0 
  0   0  10  10  50   0   0   0  10   0 100   0 100 100  50   0   0   0   0  10   0   0 100  10 100 
 50 100  10 100  10   0   0   0  10   0 100   0   0 100   0 100   0   0 100   0   0 100  50   0 100 
  0 100   0   0  50   0   0   0   0   0   0  10  50 100   0   0   0   0 100  50  50   0 100   0   0 
  0   0   0   0 100  10  10   0   0 100 100 100  50   0 100   0   0   0   0 100 100  10   0  50 100 
  0 100   0   0  10   0   0   0 100   0   0  50   0 100   0   0   0   0  50 100   0   0   0   0   0 
  0 100   0  50   0 100 100   0 100   0   0  50  50 100   0   0 100   0   0 100   0   0   0   0   0 
  0   0   0  10  50   0   0  10 100  50  50   0  10   0   0 100  50   0   0   0  50 100 100 100  50 
  0   0   0   0   0 100   0  50  50   0  50  10   0   0   0   0  50  50   0 100   0   0 100   0   0 
  0   0  10   0 100 100 100 100   0 100 100   0   0   0   0   0   0 100 100 100   0 100   0   0  50 
  0  50 100   0   0  50   0   0 100   0   0   0   0   0   0   0 100  10   0  50  10 100   0  10 100 
  0   0  50   0   0   0 100   0   0   0   0 100   0   0   0   0  10   0   0   0  50  50   0 100  10 
  0   0  10 100 100   0   0   0   0   0 100  50  50   0 100  10   0 100   0  50   0   0   0  10   0 
  0   0 100  50   0   0   0   0   0   0   0   0  50 100  10   0 100   0 100   0  50  50   0 100   0 
100   0  10 100   0   0 100 100   0  50   0   0   0 100   0   0   0 100   0  10  50  10   0   0   0 
  0  10   0   0 100  10   0  50 100 100 100   0 100 100  50   0  50   0  10   0  50   0   0 100  50 
  0   0  10 100   0   0   0  50 100   0   0  50   0   0  10  50   0  50  50  50   0   0  10  50   0 
 10  10  50   0   0   0 100   0  10   0   0 100   0 100 100  50   0  50  10   0   0   0   0 100   0 
  0  50   0  50   0 100  50 100   0   0   0 100 100   0   0   0   0   0   0   0  10   0   0 100 100 
  0   0   0  50  10  10   0   0  50   0   0 100   0   0  10 100  10 100   0 100  50 100 100   0  50 
 10  50  50   0   0 100 100   0 100   0   0  50   0  50 100  10   0   0   0  50   0   0 100  50   0 

OUT: 
3 4 3 2 4 4 4 2 4 4 4 1 2 4 1 3 1 1 3 4 3 1 2 2 4 
Quality of solution = 0.58817
Working time = 0.000268519s


TEST 28:
4
60 60 80 40 
19
5 10 5 10 20 20 20 10 10 10 20 10 10 10 10 10 10 20 20 
  0  10  50 100   0   0   0  10   0 100  50  50 100   0   0   0 100   0  10 
 10   0 100 100  50   0   0   0 100  10  50   0   0  10   0 100  50   0   0 
 50 100   0  10  10   0   0   0   0   0 100   0   0   0  10 100   0  10  50 
100 100  10   0 100 100  50   0   0   0 100   0   0   0  10   0   0  50   0 
  0  50  10 100   0   0   0   0   0   0   0   0 100 100  50   0 100   0 100 
  0   0   0 100   0   0 100   0  50  10   0   0   0   0   0   0   0  10  50 
  0   0   0  50   0 100   0 100   0   0   0   0  10  50   0   0  10  50   0 
 10   0   0   0   0   0 100   0 100  10   0  10   0   0   0   0   0 100  10 
  0 100   0   0   0  50   0 100   0   0  50   0 100   0   0 100  10   0   0 
100  10   0   0   0  10   0  10   0   0   0  10   0 100   0 100  50   0   0 
 50  50 100 100   0   0   0   0  50   0   0  50  10   0  50  50  50  50   0 
 50   0   0   0   0   0   0  10   0  10  50   0   0   0  50 100  50  50  10 
100   0   0   0 100   0  10   0 100   0  10   0   0   0 100  50   0   0 100 
  0  10   0   0 100   0  50   0   0 100   0   0   0   0  10  50   0   0   0 
  0   0  10  10  50   0   0   0   0   0  50  50 100  10   0 100   0  10  10 
  0 100 100   0   0   0   0   0 100 100  50 100  50  50 100   0  50  10   0 
100  50   0   0 100   0  10   0  10  50  50  50   0   0   0  50   0  50   0 
  0   0  10  50   0  10  50 100   0   0  50  50   0   0  10  10  50   0   0 
 10   0  50   0 100  50   0  10   0   0   0  10 100   0  10   0   0   0   0 

OUT: 
No Sulution
Working time = 0.000150367s


TEST 29:
4
80 60 80 60 
24
20 5 5 5 20 10 20 5 20 5 10 10 20 5 5 20 10 10 10 20 10 10 20 5 
  0 100   0   0  50   0 100 100   0  10   0   0   0   0 100 100 100 100   0   0   0   0   0   0 
100   0   0   0  10 100   0  50  50   0   0   0   0   0   0  10   0   0  10  50   0 100   0   0 
  0   0   0   0 100 100   0   0  10   0  10   0   0  50 100   0  50   0   0  10 100 100 100   0 
  0   0   0   0  50   0   0   0   0   0   0   0  10 100   0   0 100 100 100 100   0   0   0   0 
 50  10 100  50   0   0   0 100 100  50   0 100  10   0 100  10 100   0   0 100   0  50   0   0 
  0 100 100   0   0   0  50   0  10   0   0   0 100 100 100   0   0   0  10   0   0  50 100  50 
100   0   0   0   0  50   0   0  50   0  50  10 100  50  10   0 100 100  50   0   0   0  50  10 
100  50   0   0 100   0   0   0 100  10   0  50   0  10 100   0   0   0  10   0  10   0   0 100 
  0  50  10   0 100  10  50 100   0   0   0  50   0  10   0   0   0  10  50  10   0   0 100   0 
 10   0   0   0  50   0   0  10   0   0  10 100   0  10 100  10   0   0 100   0   0  50   0 100 
  0   0  10   0   0   0  50   0   0  10   0   0   0   0   0  50   0 100   0   0   0   0   0   0 
  0   0   0   0 100   0  10  50  50 100   0   0   0  50  50  10   0   0  10   0 100  10 100   0 
  0   0   0  10  10 100 100   0   0   0   0   0   0   0  50   0  50   0   0  50  10  50 100 100 
  0   0  50 100   0 100  50  10  10  10   0  50   0   0   0 100 100 100   0   0 100 100  10  10 
100   0 100   0 100 100  10 100   0 100   0  50  50   0   0   0  10   0   0  50  10  50   0 100 
100  10   0   0  10   0   0   0   0  10  50  10   0 100   0   0   0 100 100 100   0   0  10  10 
100   0  50 100 100   0 100   0   0   0   0   0  50 100  10   0   0 100   0  10  50   0   0   0 
100   0   0 100   0   0 100   0  10   0 100   0   0 100   0 100 100   0 100  50  50 100   0  10 
  0  10   0 100   0  10  50  10  50 100   0  10   0   0   0 100   0 100   0   0   0   0 100  10 
  0  50  10 100 100   0   0   0  10   0   0   0  50   0  50 100  10  50   0   0  10   0  50  10 
  0   0 100   0   0   0   0  10   0   0   0 100  10 100  10   0  50  50   0  10   0  50   0   0 
  0 100 100   0  50  50   0   0   0  50   0  10  50 100  50   0   0 100   0   0  50   0  10  10 
  0   0 100   0   0 100  50   0 100   0   0 100 100  10   0  10   0   0 100  50   0  10   0 100 
  0   0   0   0   0  50  10 100   0 100   0   0 100  10 100  10   0  10  10  10   0  10 100   0 

OUT: 
1 4 2 1 3 2 1 3 2 4 4 3 4 1 3 3 1 1 1 3 4 4 2 2 
Quality of solution = 0.631579
Working time = 0.000295521s

Тестирование завершено
