Начинаю тестирование 

TEST 50:
8
60 60 40 80 80 100 80 80 
52
10 10 5 10 10 10 20 10 5 10 20 10 5 20 10 10 5 20 20 5 20 5 20 5 20 20 10 10 10 5 10 20 10 5 10 10 20 10 10 10 10 10 5 10 5 10 20 20 10 5 5 5 
  0   0   0 100 100  10   0  10 100   0   0   0 100  50   0   0   0  50  10 100   0  50  50   0 100 100   0   0   0   0 100   0  50 100   0  10  50   0  50   0 100  50  50   0   0   0 100   0   0  10   0  10 
  0   0   0  10   0   0   0   0   0  50  10 100   0 100   0   0   0   0   0 100   0  10   0  10  10   0  50  10  10   0   0  10   0 100   0   0   0  10 100  50  10 100   0  10  10   0 100   0  50   0   0  10 
  0   0   0  10   0  50  10   0 100   0 100   0   0 100   0  10 100 100   0 100  50 100  50 100   0 100  10 100   0   0  50   0  50   0  50   0   0 100  10 100  50  50   0  10  10  50   0   0   0   0   0 100 
100  10  10   0   0  50   0   0   0  50  10   0 100   0 100   0   0   0   0 100  50 100   0 100  10 100   0   0   0   0  50 100   0 100   0  50   0  50   0  10   0   0  50   0   0   0  50  10   0   0  50 100 
100   0   0   0   0  10 100   0 100  50 100   0   0  10 100   0   0   0   0  50   0  10  10 100 100  50 100  10   0   0   0   0   0  10  50   0 100 100  50   0   0   0   0  50  50  50  50   0  10   0  50   0 
 10   0  50  50  10   0   0   0   0  10  10   0   0   0   0   0  50 100 100   0   0   0   0 100   0   0  10 100  10  10   0   0   0   0 100 100   0  10  50   0   0   0  50   0 100  50  10  10   0  10   0   0 
  0   0  10   0 100   0   0   0  50 100  50 100   0   0 100 100 100  50   0 100  10   0  10   0 100 100 100   0   0   0  10  10 100  10   0   0  50  10   0  10  50  50  10   0 100   0 100   0  10   0  50  50 
 10   0   0   0   0   0   0   0   0   0   0   0  10   0   0   0  50   0   0   0 100  50 100  50  10   0   0   0   0   0  10 100 100   0   0  50   0  10   0  50   0   0  50   0 100   0   0   0  10  50   0   0 
100   0 100   0 100   0  50   0   0 100  10  50   0 100   0  10   0   0  50   0   0   0  10  50   0 100  10 100 100 100 100 100 100   0   0  50   0  50  50   0   0   0   0   0   0   0   0   0   0   0   0 100 
  0  50   0  50  50  10 100   0 100   0 100   0   0  10   0  50  50   0   0   0   0 100  10  10   0   0  50   0   0   0 100  10   0  10   0   0  10  10  10 100   0   0   0   0   0  50  10  10  50  10  50 100 
  0  10 100  10 100  10  50   0  10 100   0   0  10   0 100   0 100   0   0 100   0  10  10 100  10  10  50   0   0   0   0   0   0  50  10  10   0 100   0   0 100   0   0 100  50   0  50   0   0   0 100 100 
  0 100   0   0   0   0 100   0  50   0   0   0   0   0   0  10  10   0  10   0  10   0   0   0   0  50   0 100  10  50   0   0  10 100   0   0   0   0  10   0  50   0  10 100   0   0  50   0   0   0   0   0 
100   0   0 100   0   0   0  10   0   0  10   0   0  50  10  50  10 100   0   0 100   0   0   0   0   0  10   0  10   0   0  10   0  10   0  10  50   0 100 100   0  50   0  50   0   0   0  50 100   0   0  50 
 50 100 100   0  10   0   0   0 100  10   0   0  50   0   0   0 100   0   0   0  50   0   0   0   0   0  50  10   0   0  10 100 100 100 100   0   0 100   0   0   0 100   0  10 100   0 100  50   0   0  10  50 
  0   0   0 100 100   0 100   0   0   0 100   0  10   0   0  10 100   0   0  10   0   0   0   0   0   0 100  10 100   0 100   0   0  10  50   0 100   0   0  50   0   0   0  50   0  10   0   0  10   0   0  10 
  0   0  10   0   0   0 100   0  10  50   0  10  50   0  10   0  10   0   0   0 100 100   0  10 100  50  50   0   0  10  10   0  50   0   0 100  50   0   0  10   0   0  10   0   0   0 100  10  50 100 100   0 
  0   0 100   0   0  50 100  50   0  50 100  10  10 100 100  10   0   0   0   0   0  10   0 100 100   0   0 100  10  10  10   0   0   0 100   0 100   0   0   0  50 100   0   0   0  50   0   0   0  10  50  50 
 50   0 100   0   0 100  50   0   0   0   0   0 100   0   0   0   0   0   0  50  10   0   0  10   0  10   0 100   0 100   0  50   0   0  50   0   0   0  50  50  50   0  50   0  50 100 100  10   0   0  50   0 
 10   0   0   0   0 100   0   0  50   0   0  10   0   0   0   0   0   0   0   0  10   0  10   0   0   0  50  10  50  50 100   0   0   0  10 100   0  50   0  10  50  10 100 100   0   0  10 100   0 100 100   0 
100 100 100 100  50   0 100   0   0   0 100   0   0   0  10   0   0  50   0   0   0 100   0   0  10  10   0  50 100 100   0 100   0 100   0   0   0 100   0   0 100 100 100   0  50   0   0  10  10 100  50  50 
  0   0  50  50   0   0  10 100   0   0   0  10 100  50   0 100   0  10  10   0   0  50   0   0  10  10   0   0   0   0   0 100   0  10   0  50   0   0   0 100 100  50  50 100   0  10 100  50   0 100   0 100 
 50  10 100 100  10   0   0  50   0 100  10   0   0   0   0 100  10   0   0 100  50   0   0   0   0   0   0  50  10  10  50   0   0   0   0   0  50   0   0  10  10  10  10   0 100  50  10 100  10 100 100  50 
 50   0  50   0  10   0  10 100  10  10  10   0   0   0   0   0   0   0  10   0   0   0   0   0  50   0  10 100 100   0   0  50   0 100   0  50   0   0  50  50 100   0   0 100   0   0   0   0  10   0  10   0 
  0  10 100 100 100 100   0  50  50  10 100   0   0   0   0  10 100  10   0   0   0   0   0   0   0   0  50 100  10 100   0   0   0   0  10  10   0   0  10   0  50   0  10 100  50 100  10   0  50   0 100 100 
100  10   0  10 100   0 100  10   0   0  10   0   0   0   0 100 100   0   0  10  10   0  50   0   0   0   0 100 100 100   0   0  50   0  10 100   0   0 100  10   0  50  50   0   0  10 100  10   0   0  50   0 
100   0 100 100  50   0 100   0 100   0  10  50   0   0   0  50   0  10   0  10  10   0   0   0   0   0   0 100   0   0 100  50  50   0  50  50   0  50   0 100 100   0   0   0  10 100   0  10  10  10 100  50 
  0  50  10   0 100  10 100   0  10  50  50   0  10  50 100  50   0   0  50   0   0   0  10  50   0   0   0 100   0   0   0  50 100   0 100   0 100  50   0 100 100   0  50   0   0 100 100   0 100   0   0   0 
  0  10 100   0  10 100   0   0 100   0   0 100   0  10  10   0 100 100  10  50   0  50 100 100 100 100 100   0  50  10   0   0  50  50 100  50  10   0  10   0   0   0   0   0   0   0   0   0  10   0   0 100 
  0  10   0   0   0  10   0   0 100   0   0  10  10   0 100   0  10   0  50 100   0  10 100  10 100   0   0  50   0  50   0 100  50   0   0   0   0  50   0   0   0  50 100 100 100  50   0   0   0  50   0  10 
  0   0   0   0   0  10   0   0 100   0   0  50   0   0   0  10  10 100  50 100   0  10   0 100 100   0   0  10  50   0   0   0   0  10 100   0   0  10  50 100   0 100  50   0   0  50  10   0   0 100  10  10 
100   0  50  50   0   0  10  10 100 100   0   0   0  10 100  10  10   0 100   0   0  50   0   0   0 100   0   0   0   0   0  50   0 100  50 100   0   0   0   0   0   0  50 100   0   0   0   0   0  10   0   0 
  0  10   0 100   0   0  10 100 100  10   0   0  10 100   0   0   0  50   0 100 100   0  50   0   0  50  50   0 100   0  50   0   0   0   0   0  50  50   0   0 100   0  50  10 100 100  10   0   0 100 100 100 
 50   0  50   0   0   0 100 100 100   0   0  10   0 100   0  50   0   0   0   0   0   0   0   0  50  50 100  50  50   0   0   0   0   0   0   0   0  50   0   0  50  10 100 100  10  50   0   0  10  50   0   0 
100 100   0 100  10   0  10   0   0  10  50 100  10 100  10   0   0   0   0 100  10   0 100   0   0   0   0  50   0  10 100   0   0   0   0  10   0  10 100 100   0  50   0   0  50 100   0   0   0 100  10  50 
  0   0  50   0  50 100   0   0   0   0  10   0   0 100  50   0 100  50  10   0   0   0   0  10  10  50 100 100   0 100  50   0   0   0   0 100 100   0 100   0 100   0   0   0 100 100   0  50   0   0  10  50 
 10   0   0  50   0 100   0  50  50   0  10   0  10   0   0 100   0   0 100   0  50   0  50  10 100  50   0  50   0   0 100   0   0  10 100   0 100  50  10   0  50  50 100   0   0   0  10   0   0   0   0 100 
 50   0   0   0 100   0  50   0   0  10   0   0  50   0 100  50 100   0   0   0   0  50   0   0   0   0 100  10   0   0   0  50   0   0 100 100   0   0   0   0 100   0  10   0  50   0   0  50   0   0  50   0 
  0  10 100  50 100  10  10  10  50  10 100   0   0 100   0   0   0   0  50 100   0   0   0   0   0  50  50   0  50  10   0  50  50  10   0  50   0   0   0  10  10 100  50  50 100 100 100   0  10 100   0   0 
 50 100  10   0  50  50   0   0  50  10   0  10 100   0   0   0   0  50   0   0   0   0  50  10 100   0   0  10   0  50   0   0   0 100 100  10   0   0   0   0   0 100   0  10 100   0  50 100   0   0   0   0 
  0  50 100  10   0   0  10  50   0 100   0   0 100   0  50  10   0  50  10   0 100  10  50   0  10 100 100   0   0 100   0   0   0 100   0   0   0  10   0   0 100   0   0  10 100   0  10  10   0   0   0  50 
100  10  50   0   0   0  50   0   0   0 100  50   0   0   0   0  50  50  50 100 100  10 100  50   0 100 100   0   0   0   0 100  50   0 100  50 100  10   0 100   0  10   0  50 100  50   0   0   0   0  50 100 
 50 100  50   0   0   0  50   0   0   0   0   0  50 100   0   0 100   0  10 100  50  10   0   0  50   0   0   0  50 100   0   0  10  50   0  50   0 100 100   0  10   0   0   0   0  10   0   0   0  50 100  50 
 50   0   0  50   0  50  10  50   0   0   0  10   0   0   0  10   0  50 100 100  50  10   0  10  50   0  50   0 100  50  50  50 100   0   0 100  10  50   0   0   0   0   0   0 100  10 100   0 100   0 100   0 
  0  10  10   0  50   0   0   0   0   0 100 100  50  10  50   0   0   0 100   0 100   0 100 100   0   0   0   0 100   0 100  10 100   0   0   0   0  50  10  10  50   0   0   0   0  50  10  10   0  10   0   0 
  0  10  10   0  50 100 100 100   0   0  50   0   0 100   0   0   0  50   0  50   0 100   0  50   0  10   0   0 100   0   0 100  10  50 100   0  50 100 100 100 100   0 100   0   0   0   0  50   0 100   0   0 
  0   0  50   0  50  50   0   0   0  50   0   0   0   0  10   0  50 100   0   0  10  50   0 100  10 100 100   0  50  50   0 100  50 100 100   0   0 100   0   0  50  10  10  50   0   0   0  10   0   0   0   0 
100 100   0  50  50  10 100   0   0  10  50  50   0 100   0 100   0 100  10   0 100  10   0  10 100   0 100   0   0  10   0  10   0   0   0  10   0 100  50  10   0   0 100  10   0   0   0  50  50   0   0   0 
  0   0   0  10   0  10   0   0   0  10   0   0  50  50   0  10   0  10 100  10  50 100   0   0  10  10   0   0   0   0   0   0   0   0  50   0  50   0 100  10   0   0   0  10  50  10  50   0  10   0   0 100 
  0  50   0   0  10   0  10  10   0  50   0   0 100   0  10  50   0   0   0  10   0  10  10  50   0  10 100  10   0   0   0   0  10   0   0   0   0  10   0   0   0   0 100   0   0   0  50  10   0   0   0   0 
 10   0   0   0   0  10   0  50   0  10   0   0   0   0   0 100  10   0 100 100 100 100   0   0   0  10   0   0  50 100  10 100  50 100   0   0   0 100   0   0   0  50   0  10 100   0   0   0   0   0   0   0 
  0   0   0  50  50   0  50   0   0  50 100   0   0  10   0 100  50  50 100  50   0 100  10 100  50 100   0   0   0  10   0 100   0  10  10   0  50   0   0   0  50 100 100   0   0   0   0   0   0   0   0   0 
 10  10 100 100   0   0  50   0 100 100 100   0  50  50  10   0  50   0   0  50 100  50   0 100   0  50   0 100  10  10   0 100   0  50  50 100   0   0   0  50 100  50   0   0   0   0   0 100   0   0   0   0 

OUT: 
No Sulution
Working time = 0.0012865s


TEST 51:
8
100 80 60 60 100 40 60 80 
49
20 5 10 5 5 10 10 5 10 5 10 5 20 10 20 5 5 20 5 10 10 10 20 5 5 10 10 20 10 20 10 20 20 20 20 10 20 10 10 5 5 10 20 20 20 10 20 10 5 
  0   0 100  50  50   0  50 100   0  10   0 100   0   0  10   0   0   0   0 100 100   0   0   0   0   0   0 100   0   0   0 100  10   0   0 100   0  10   0  10   0   0 100  50 100  50  10   0   0 
  0   0   0  50   0   0 100 100   0 100   0   0   0 100 100   0   0   0  50  10  10   0 100 100   0   0   0   0   0  10 100  10   0 100  10   0  10   0  10   0   0  10   0   0   0   0 100   0   0 
100   0   0   0 100 100   0   0   0  10   0  10   0   0 100   0   0   0 100   0 100   0   0   0   0  50  50   0   0 100  10   0   0 100   0   0   0   0   0 100   0   0  10   0   0  10   0 100  10 
 50  50   0   0   0  10  10  50  50   0   0   0 100   0   0   0   0  10   0   0  50   0   0   0  50   0   0   0  50 100 100   0  10   0   0   0   0 100  50   0   0   0   0   0   0   0   0   0   0 
 50   0 100   0   0  50  10   0   0 100  10   0 100  10  10 100   0 100   0   0 100   0   0   0   0 100  10   0   0 100   0   0  10   0   0   0   0   0   0  10 100   0 100   0   0  10   0 100   0 
  0   0 100  10  50   0  10 100 100   0   0  50   0   0   0 100   0   0   0   0  50   0   0 100   0   0 100   0  50   0   0   0  10 100   0   0  50   0   0  10 100  50   0   0   0 100 100   0   0 
 50 100   0  10  10  10   0  10   0  10 100   0  10   0   0   0  50 100 100  50  10 100 100   0   0   0   0  50   0  10   0   0   0  50 100 100  10   0 100   0  50 100   0  10  50  10   0  10 100 
100 100   0  50   0 100  10   0   0  50   0  50  10  10   0  10  10   0 100  10   0  50   0  10 100  50   0   0  10  10   0   0  50   0   0   0   0   0 100 100 100  10   0 100   0  10   0   0  50 
  0   0   0  50   0 100   0   0   0  10   0  50  50 100 100   0  10   0   0  50 100   0   0 100 100   0   0   0   0  10   0  50 100   0  50 100  50   0  10 100 100   0   0  50  50 100  10   0 100 
 10 100  10   0 100   0  10  50  10   0   0  50 100   0  50  50 100   0 100  10  10   0   0  50   0   0   0   0   0  50 100   0   0   0 100  10   0   0  50   0   0   0   0  10 100   0  10   0   0 
  0   0   0   0  10   0 100   0   0   0   0 100  10   0   0 100   0   0   0 100   0   0   0   0 100   0   0  10   0  50  50   0   0 100 100  10   0  10  50  50   0  50   0  50  50 100  10 100 100 
100   0  10   0   0  50   0  50  50  50 100   0  50   0 100  50   0 100   0   0   0   0   0   0 100  10   0   0 100  10   0   0 100 100   0 100   0   0  10   0   0  10 100 100 100   0 100 100   0 
  0   0   0 100 100   0  10  10  50 100  10  50   0  10   0  10   0   0   0   0   0 100   0   0   0 100   0  50   0   0  50 100   0  50  50   0   0   0  50 100   0   0 100  10   0   0  50   0  50 
  0 100   0   0  10   0   0  10 100   0   0   0  10   0   0 100 100 100   0   0 100   0   0   0  50   0 100  50   0   0   0   0 100  50  10  50   0   0 100  50   0   0   0  10  10 100   0 100  10 
 10 100 100   0  10   0   0   0 100  50   0 100   0   0   0  10   0   0   0 100   0  10   0  50   0   0  10   0   0   0 100   0   0   0   0   0  10   0   0   0   0 100  50  10  10  50   0  50  10 
  0   0   0   0 100 100   0  10   0  50 100  50  10 100  10   0   0 100   0  50   0   0 100  50   0  50 100 100   0   0   0  50  50   0  50  10   0  50   0 100  10   0   0   0   0  10   0  50 100 
  0   0   0   0   0   0  50  10  10 100   0   0   0 100   0   0   0   0  10   0  50  10 100   0  10  50 100 100  50   0   0  10   0   0   0   0   0   0   0   0  10   0   0  50  50  50   0   0   0 
  0   0   0  10 100   0 100   0   0   0   0 100   0 100   0 100   0   0  50 100  10  50 100 100   0 100 100   0 100   0 100   0   0   0   0   0   0   0 100   0   0  10  10   0 100   0   0 100  50 
  0  50 100   0   0   0 100 100   0 100   0   0   0   0   0   0  10  50   0 100  50   0   0  10 100   0   0  50   0   0   0  10 100 100  10  10   0   0  10 100 100   0 100 100  50 100   0 100   0 
100  10   0   0   0   0  50  10  50  10 100   0   0   0 100  50   0 100 100   0   0   0   0  50  10  50   0   0  10  50  10 100   0   0 100 100   0   0  10   0   0  10  10   0  10   0 100   0   0 
100  10 100  50 100  50  10   0 100  10   0   0   0 100   0   0  50  10  50   0   0   0   0   0  50   0 100 100   0   0   0  10   0   0   0 100   0   0   0  50  10   0   0 100 100   0  50  50 100 
  0   0   0   0   0   0 100  50   0   0   0   0 100   0  10   0  10  50   0   0   0   0 100   0 100   0   0   0  10  50   0   0   0   0 100  10   0 100  50   0 100 100   0   0   0 100 100   0   0 
  0 100   0   0   0   0 100   0   0   0   0   0   0   0   0 100 100 100   0   0   0 100   0   0   0   0 100  50 100   0   0 100 100 100   0   0   0  10   0  50 100  50   0   0   0  50   0  10   0 
  0 100   0   0   0 100   0  10 100  50   0   0   0   0  50  50   0 100  10  50   0   0   0   0   0 100 100   0  10  50  50  50 100   0 100   0  10 100   0  50   0   0   0   0   0   0 100   0   0 
  0   0   0  50   0   0   0 100 100   0 100 100   0  50   0   0  10   0 100  10  50 100   0   0   0   0   0  10   0   0   0   0   0 100   0  10  10   0  10   0   0   0   0   0   0  10  10  10   0 
  0   0  50   0 100   0   0  50   0   0   0  10 100   0   0  50  50 100   0  50   0   0   0 100   0   0  10  50   0 100  50 100   0   0   0 100   0   0   0   0 100   0   0  50   0   0   0   0 100 
  0   0  50   0  10 100   0   0   0   0   0   0   0 100  10 100 100 100   0   0 100   0 100 100   0  10   0   0   0 100   0   0   0   0  10   0  10   0   0   0   0 100 100   0   0   0  50   0  50 
100   0   0   0   0   0  50   0   0   0  10   0  50  50   0 100 100   0  50   0 100   0  50   0  10  50   0   0  50   0   0  50 100 100 100   0   0   0   0 100 100   0   0   0  10 100   0  50  10 
  0   0   0  50   0  50   0  10   0   0   0 100   0   0   0   0  50 100   0  10   0  10 100  10   0   0   0  50   0   0  50 100   0  10  10  10  50 100  50   0   0 100 100  10  10 100 100  10 100 
  0  10 100 100 100   0  10  10  10  50  50  10   0   0   0   0   0   0   0  50   0  50   0  50   0 100 100   0   0   0  10 100 100 100 100 100 100   0  10   0  50  10   0   0 100  10   0   0   0 
  0 100  10 100   0   0   0   0   0 100  50   0  50   0 100   0   0 100   0  10   0   0   0  50   0  50   0   0  50  10   0   0 100  10 100 100  50   0 100   0   0  50  50  10   0   0   0   0   0 
100  10   0   0   0   0   0   0  50   0   0   0 100   0   0  50  10   0  10 100  10   0 100  50   0 100   0  50 100 100   0   0  10  10  50   0 100   0   0  50   0   0   0 100   0   0  10   0  10 
 10   0   0  10  10  10   0  50 100   0   0 100   0 100   0  50   0   0 100   0   0   0 100 100   0   0   0 100   0 100 100  10   0 100   0   0   0   0  50   0   0 100  50   0   0   0  10   0   0 
  0 100 100   0   0 100  50   0   0   0 100 100  50  50   0   0   0   0 100   0   0   0 100   0 100   0   0 100  10 100  10  10 100   0  50   0  50   0 100   0  10   0 100  10 100  10  10   0   0 
  0  10   0   0   0   0 100   0  50 100 100   0  50  10   0  50   0   0  10 100   0 100   0 100   0   0  10 100  10 100 100  50   0  50   0  10 100  50 100   0   0  10   0 100   0   0   0   0  50 
100   0   0   0   0   0 100   0 100  10  10 100   0  50   0  10   0   0  10 100 100  10   0   0  10 100   0   0  10 100 100   0   0   0  10   0   0   0 100 100   0 100   0   0 100 100  50   0  50 
  0  10   0   0   0  50  10   0  50   0   0   0   0   0  10   0   0   0   0   0   0   0   0  10  10   0  10   0  50 100  50 100   0  50 100   0   0   0   0  50   0 100   0   0   0   0   0   0  50 
 10   0   0 100   0   0   0   0   0   0  10   0   0   0   0  50   0   0   0   0   0 100  10 100   0   0   0   0 100   0   0   0   0   0  50   0   0   0  10   0   0   0   0   0  50  10   0   0   0 
  0  10   0  50   0   0 100 100  10  50  50  10  50 100   0   0   0 100  10  10   0  50   0   0  10   0   0   0  50  10 100   0  50 100 100 100   0  10   0 100  10   0   0   0  50   0  50   0   0 
 10   0 100   0  10  10   0 100 100   0  50   0 100  50   0 100   0   0 100   0  50   0  50  50   0   0   0 100   0   0   0  50   0   0   0 100  50   0 100   0  50 100   0 100 100   0  10  50   0 
  0   0   0   0 100 100  50 100 100   0   0   0   0   0   0  10  10   0 100   0  10 100 100   0   0 100   0 100   0  50   0   0   0  10   0   0   0   0  10  50   0  10   0  10  50   0  50   0   0 
  0  10   0   0   0  50 100  10   0   0  50  10   0   0 100   0   0  10   0  10   0 100  50   0   0   0 100   0 100  10  50   0 100   0  10 100 100   0   0 100  10   0   0  50  10  10   0   0  10 
100   0  10   0 100   0   0   0   0   0   0 100 100   0  50   0   0  10 100  10   0   0   0   0   0   0 100   0 100   0  50   0  50 100   0   0   0   0   0   0   0   0   0   0   0   0   0   0  10 
 50   0   0   0   0   0  10 100  50  10  50 100  10  10  10   0  50   0 100   0 100   0   0   0   0  50   0   0  10   0  10 100   0  10 100   0   0   0   0 100  10  50   0   0   0   0   0   0 100 
100   0   0   0   0   0  50   0  50 100  50 100   0  10  10   0  50 100  50  10 100   0   0   0   0   0   0  10  10 100   0   0   0 100   0 100   0  50  50 100  50  10   0   0   0   0   0 100   0 
 50   0  10   0  10 100  10  10 100   0 100   0   0 100  50  10  50   0 100   0   0 100  50   0  10   0   0 100 100  10   0   0   0  10   0 100   0  10   0   0   0  10   0   0   0   0  10   0   0 
 10 100   0   0   0 100   0   0  10  10  10 100  50   0   0   0   0   0   0 100  50 100   0 100  10   0  50   0 100   0   0  10  10  10   0  50   0   0  50  10  50   0   0   0   0  10   0  10  50 
  0   0 100   0 100   0  10   0   0   0 100 100   0 100  50  50   0 100 100   0  50   0  10   0  10   0   0  50  10   0   0   0   0   0   0   0   0   0   0  50   0   0   0   0 100   0  10   0 100 
  0   0  10   0   0   0 100  50 100   0 100   0  50  10  10 100   0  50   0   0 100   0   0   0   0 100  50  10 100   0   0  10   0   0  50  50  50   0   0   0   0  10  10 100   0   0  50 100   0 

OUT: 
1 4 3 6 3 2 2 5 1 3 2 1 7 5 6 2 6 2 5 4 1 8 8 4 5 3 3 5 8 3 8 4 5 5 4 1 7 6 5 1 5 8 7 1 1 2 8 2 2 
Quality of solution = 0.76208
Working time = 0.00128252s


TEST 52:
8
60 100 40 60 40 40 60 40 
35
5 5 10 20 5 5 20 10 10 10 20 5 10 20 10 20 20 10 20 5 10 20 5 20 10 5 20 20 20 10 10 20 5 20 5 
  0 100 100  50   0 100   0   0  10   0 100  10  10  10  50   0 100   0   0  50 100   0   0   0 100 100   0   0  50   0   0   0   0 100   0 
100   0   0 100   0 100 100  10   0   0   0 100  50 100 100 100   0   0  50   0  10  50  50   0   0   0   0   0 100   0   0   0   0  10 100 
100   0   0   0   0   0  10  50   0   0   0  50 100 100  50   0   0   0 100   0  50 100   0   0   0  50   0   0  10  50 100   0   0   0  10 
 50 100   0   0  10   0   0   0   0   0   0  50 100   0  50 100 100  10   0 100   0   0   0   0 100 100   0   0  50  50   0   0 100  50  50 
  0   0   0  10   0  50   0 100   0   0   0   0   0   0   0  10  10   0   0 100  50 100   0   0  50 100 100   0   0 100 100   0 100  50 100 
100 100   0   0  50   0   0 100   0   0   0 100   0   0  10   0 100   0 100   0   0 100   0   0   0 100  10   0   0 100  50   0   0  10  50 
  0 100  10   0   0   0   0   0 100   0   0 100 100  50 100  10 100   0   0 100  10 100   0   0  10  10  10 100   0  10  50  50  50   0   0 
  0  10  50   0 100 100   0   0  10  10   0   0   0  10  10   0   0   0 100  50   0   0   0   0   0  50   0   0 100  10  50 100  50   0   0 
 10   0   0   0   0   0 100  10   0  50   0 100  10  50  10  10  10  10 100   0  50   0   0   0  50  10 100   0  50   0 100  10  50   0  10 
  0   0   0   0   0   0   0  10  50   0   0   0   0   0  10  10   0   0  10   0   0  50   0   0   0   0   0 100  10   0   0   0 100   0  10 
100   0   0   0   0   0   0   0   0   0   0   0   0 100   0 100   0 100   0   0  50  10   0   0  10   0 100  10  50   0 100  50   0 100   0 
 10 100  50  50   0 100 100   0 100   0   0   0 100   0  50  50   0   0 100   0  50 100   0   0   0   0  10 100 100  50   0   0  50   0   0 
 10  50 100 100   0   0 100   0  10   0   0 100   0   0   0 100   0   0  50   0  10   0 100   0  50   0  50 100  10  10  10   0   0  10  50 
 10 100 100   0   0   0  50  10  50   0 100   0   0   0   0  50   0  50   0   0 100   0   0   0 100   0   0   0   0 100   0 100   0   0 100 
 50 100  50  50   0  10 100  10  10  10   0  50   0   0   0  50  10  10  50  50  50  50   0 100  50   0  50   0   0   0  50  10   0   0   0 
  0 100   0 100  10   0  10   0  10  10 100  50 100  50  50   0  10   0  10   0   0  10 100   0 100  50 100  50   0   0   0 100  50   0  10 
100   0   0 100  10 100 100   0  10   0   0   0   0   0  10  10   0  10 100   0   0   0   0   0   0   0  10   0 100 100   0   0   0  10 100 
  0   0   0  10   0   0   0   0  10   0 100   0   0  50  10   0  10   0 100 100 100   0   0  10   0   0  50 100   0 100   0  10  50   0   0 
  0  50 100   0   0 100   0 100 100  10   0 100  50   0  50  10 100 100   0 100 100   0 100   0  50   0   0 100  10  10 100   0   0   0 100 
 50   0   0 100 100   0 100  50   0   0   0   0   0   0  50   0   0 100 100   0   0   0  10   0  10  50   0   0  50 100   0  10  50  10   0 
100  10  50   0  50   0  10   0  50   0  50  50  10 100  50   0   0 100 100   0   0 100   0  10   0  50  50  50  10   0  50 100   0  10   0 
  0  50 100   0 100 100 100   0   0  50  10 100   0   0  50  10   0   0   0   0 100   0 100   0   0  10   0  10   0  50  50  50  50 100  10 
  0  50   0   0   0   0   0   0   0   0   0   0 100   0   0 100   0   0 100  10   0 100   0 100   0  50  10  50   0   0   0   0  50  10  10 
  0   0   0   0   0   0   0   0   0   0   0   0   0   0 100   0   0  10   0   0  10   0 100   0   0 100 100  50   0   0   0  50   0  50 100 
100   0   0 100  50   0  10   0  50   0  10   0  50 100  50 100   0   0  50  10   0   0   0   0   0   0   0   0  50  50 100 100  10   0   0 
100   0  50 100 100 100  10  50  10   0   0   0   0   0   0  50   0   0   0  50  50  10  50 100   0   0   0   0  10   0 100 100  50  10 100 
  0   0   0   0 100  10  10   0 100   0 100  10  50   0  50 100  10  50   0   0  50   0  10 100   0   0   0  10 100   0 100  50   0  50  10 
  0   0   0   0   0   0 100   0   0 100  10 100 100   0   0  50   0 100 100   0  50  10  50  50   0   0  10   0   0   0   0  50 100  10  50 
 50 100  10  50   0   0   0 100  50  10  50 100  10   0   0   0 100   0  10  50  10   0   0   0  50  10 100   0   0 100   0 100  10  50  10 
  0   0  50  50 100 100  10  10   0   0   0  50  10 100   0   0 100 100  10 100   0  50   0   0  50   0   0   0 100   0 100  50   0 100 100 
  0   0 100   0 100  50  50  50 100   0 100   0  10   0  50   0   0   0 100   0  50  50   0   0 100 100 100   0   0 100   0  10   0  50  50 
  0   0   0   0   0   0  50 100  10   0  50   0   0 100  10 100   0  10   0  10 100  50   0  50 100 100  50  50 100  50  10   0  10  10  10 
  0   0   0 100 100   0  50  50  50 100   0  50   0   0   0  50   0  50   0  50   0  50  50   0  10  50   0 100  10   0   0  10   0   0  50 
100  10   0  50  50  10   0   0   0   0 100   0  10   0   0   0  10   0   0  10  10 100  10  50   0  10  50  10  50 100  50  10   0   0   0 
  0 100  10  50 100  50   0   0  10  10   0   0  50 100   0  10 100   0 100   0   0  10  10 100   0 100  10  50  10 100  50  10  50   0   0 

OUT: 
1 1 2 4 2 2 7 2 7 6 6 1 4 3 1 3 1 6 2 4 1 2 1 8 7 2 5 5 4 2 2 7 4 8 2 
Quality of solution = 0.753711
Working time = 0.000541902s


TEST 53:
8
60 60 60 40 60 80 60 100 
43
5 5 10 10 10 10 10 5 10 20 10 20 10 10 10 10 20 5 10 10 20 20 10 20 5 5 20 10 20 10 20 20 10 10 20 10 10 5 10 20 10 20 5 
  0 100   0 100   0 100   0   0 100  50 100  50 100   0   0   0   0   0  50   0 100 100   0   0   0   0   0   0   0   0   0  50  10  50   0  50   0 100   0   0   0  10  50 
100   0 100  10  10 100  10   0   0  10   0  10  10   0   0   0   0  50   0   0 100  10   0  50  50  50   0  10 100   0  10   0  10   0   0   0 100   0   0  10 100   0  10 
  0 100   0 100   0 100   0   0  50   0 100  10  50  50   0  10 100   0  10   0  10   0  50 100   0   0   0 100   0   0   0   0   0   0 100   0 100  50   0  50 100   0   0 
100  10 100   0   0   0  50   0 100   0   0  50   0  50   0  50  10   0   0  50   0   0 100   0 100   0   0 100  50 100   0  50   0  10   0   0   0   0   0   0   0   0  10 
  0  10   0   0   0  50  10  50  10  50   0   0   0   0   0   0   0 100 100   0   0   0  10   0 100  10  50 100  50  50   0   0 100   0 100 100  50 100   0 100   0   0  50 
100 100 100   0  50   0   0 100  50   0   0 100   0   0  50 100   0  50  10   0   0   0  50  10   0   0   0   0   0   0 100  50   0  10  50   0   0   0 100 100 100   0   0 
  0  10   0  50  10   0   0   0   0  10 100   0   0   0   0   0  10   0 100 100  10   0   0   0   0  10   0  50  10  10  10  50  50   0  50  10  50   0 100 100 100   0   0 
  0   0   0   0  50 100   0   0 100   0 100  50  50   0  10  50   0   0  10 100   0   0   0  10  50  50   0   0   0   0   0 100  50  50  10  50  50   0 100   0  50   0   0 
100   0  50 100  10  50   0 100   0   0 100   0   0 100   0 100 100   0   0   0   0   0   0  50   0  10  50   0  50   0   0   0 100   0   0   0 100   0   0   0   0   0 100 
 50  10   0   0  50   0  10   0   0   0   0 100 100 100   0   0   0   0   0   0   0  50   0   0  50  50 100 100  10   0  10   0  10  50   0   0   0   0   0   0 100  10  10 
100   0 100   0   0   0 100 100 100   0   0   0  50  10 100  50   0   0   0  50 100 100  50   0  50  10   0   0  10 100   0   0 100  50   0   0   0   0  50  10  50   0   0 
 50  10  10  50   0 100   0  50   0 100   0   0  10   0   0  10  10 100  10   0   0   0   0  10   0  10  50 100  10 100   0   0 100  50   0 100  50  50   0  10   0  10  50 
100  10  50   0   0   0   0  50   0 100  50  10   0  50  10   0  10   0   0   0   0   0   0 100  50  50   0 100  50   0   0   0  10 100 100  50  10  10   0   0   0   0  50 
  0   0  50  50   0   0   0   0 100 100  10   0  50   0   0  10   0   0  50 100   0   0  10  50 100  10   0  50  10   0  10   0   0   0   0   0   0  50   0   0   0 100  50 
  0   0   0   0   0  50   0  10   0   0 100   0  10   0   0   0  50  50 100  50   0   0  10 100   0   0   0   0 100  10  50   0  10 100   0  50   0   0  10  10  50   0   0 
  0   0  10  50   0 100   0  50 100   0  50  10   0  10   0   0 100   0 100  50   0 100   0   0   0   0  50 100   0   0  50 100  10   0 100 100 100   0   0  50   0   0 100 
  0   0 100  10   0   0  10   0 100   0   0  10  10   0  50 100   0   0 100   0   0  10 100  10  50   0   0   0   0  50   0  50  10   0  50  10  50 100  10   0  50  10   0 
  0  50   0   0 100  50   0   0   0   0   0 100   0   0  50   0   0   0   0   0  10  50   0 100   0  50 100   0  50   0 100  50   0 100  50   0  10  10  50   0   0  50 100 
 50   0  10   0 100  10 100  10   0   0   0  10   0  50 100 100 100   0   0   0   0   0  10 100  10   0   0 100   0 100   0   0   0   0   0 100   0   0 100   0   0 100  10 
  0   0   0  50   0   0 100 100   0   0  50   0   0 100  50  50   0   0   0   0   0  50   0 100 100 100  50  50   0 100 100  50   0 100   0  50 100   0  50  50  10  50   0 
100 100  10   0   0   0  10   0   0   0 100   0   0   0   0   0   0  10   0   0   0   0   0 100   0   0 100  50  50  50   0  50  50 100   0   0  50   0  10   0  10   0 100 
100  10   0   0   0   0   0   0   0  50 100   0   0   0   0 100  10  50   0  50   0   0  50   0 100   0   0   0   0   0  10 100 100  50   0   0   0   0   0 100   0  50   0 
  0   0  50 100  10  50   0   0   0   0  50   0   0  10  10   0 100   0  10   0   0  50   0   0 100 100   0  50  50  50   0   0  10   0   0  50   0   0   0   0   0   0   0 
  0  50 100   0   0  10   0  10  50   0   0  10 100  50 100   0  10 100 100 100 100   0   0   0 100   0  50   0   0  10   0   0  10 100  50   0   0  10  10   0   0   0 100 
  0  50   0 100 100   0   0  50   0  50  50   0  50 100   0   0  50   0  10 100   0 100 100 100   0  10   0  10   0   0   0   0   0   0   0  10   0  10 100   0  50   0   0 
  0  50   0   0  10   0  10  50  10  50  10  10  50  10   0   0   0  50   0 100   0   0 100   0  10   0 100   0 100   0  10  10 100  10 100   0 100   0 100 100   0   0   0 
  0   0   0   0  50   0   0   0  50 100   0  50   0   0   0  50   0 100   0  50 100   0   0  50   0 100   0 100  50  50  10   0 100  50 100  10 100   0   0   0   0  50 100 
  0  10 100 100 100   0  50   0   0 100   0 100 100  50   0 100   0   0 100  50  50   0  50   0  10   0 100   0 100   0  50   0   0 100   0   0   0 100   0 100 100   0 100 
  0 100   0  50  50   0  10   0  50  10  10  10  50  10 100   0   0  50   0   0  50   0  50   0   0 100  50 100   0   0   0 100  10   0  10  50   0 100  10   0   0  50   0 
  0   0   0 100  50   0  10   0   0   0 100 100   0   0  10   0  50   0 100 100  50   0  50  10   0   0  50   0   0   0   0  10   0 100   0 100  10   0   0   0   0   0 100 
  0  10   0   0   0 100  10   0   0  10   0   0   0  10  50  50   0 100   0 100   0  10   0   0   0  10  10  50   0   0   0   0   0  10   0  50 100 100   0   0   0   0 100 
 50   0   0  50   0  50  50 100   0   0   0   0   0   0   0 100  50  50   0  50  50 100   0   0   0  10   0   0 100  10   0   0   0  10   0   0   0  10  10 100  50 100   0 
 10  10   0   0 100   0  50  50 100  10 100 100  10   0  10  10  10   0   0   0  50 100  10  10   0 100 100   0  10   0   0   0   0  50   0 100  10   0   0  10 100   0   0 
 50   0   0  10   0  10   0  50   0  50  50  50 100   0 100   0   0 100   0 100 100  50   0 100   0  10  50 100   0 100  10  10  50   0  50   0 100  10   0  10  50   0   0 
  0   0 100   0 100  50  50  10   0   0   0   0 100   0   0 100  50  50   0   0   0   0   0  50   0 100 100   0  10   0   0   0   0  50   0  10   0   0  50   0   0 100   0 
 50   0   0   0 100   0  10  50   0   0   0 100  50   0  50 100  10   0 100  50   0   0  50   0  10   0  10   0  50 100  50   0 100   0  10   0 100 100   0   0 100  10 100 
  0 100 100   0  50   0  50  50 100   0   0  50  10   0   0 100  50  10   0 100  50   0   0   0   0 100 100   0   0  10 100   0  10 100   0 100   0   0 100   0  10   0   0 
100   0  50   0 100   0   0   0   0   0   0  50  10  50   0   0 100  10   0   0   0   0   0  10  10   0   0 100 100   0 100  10   0  10   0 100   0   0  10   0  10  50   0 
  0   0   0   0   0 100 100 100   0   0  50   0   0   0  10   0  10  50 100  50  10   0   0  10 100 100   0   0  10   0   0  10   0   0  50   0 100  10   0   0  10  50 100 
  0  10  50   0 100 100 100   0   0   0  10  10   0   0  10  50   0   0   0  50   0 100   0   0   0 100   0 100   0   0   0 100  10  10   0   0   0   0   0   0  10   0   0 
  0 100 100   0   0 100 100  50   0 100  50   0   0   0  50   0  50   0   0  10  10   0   0   0  50   0   0 100   0   0   0  50 100  50   0 100  10  10  10  10   0   0 100 
 10   0   0   0   0   0   0   0   0  10   0  10   0 100   0   0  10  50 100  50   0  50   0   0   0   0  50   0  50   0   0 100   0   0 100  10   0  50  50   0   0   0   0 
 50  10   0  10  50   0   0   0 100  10   0  50  50  50   0 100   0 100  10   0 100   0   0 100   0   0 100 100   0 100 100   0   0   0   0 100   0   0 100   0 100   0   0 

OUT: 
1 3 8 8 6 1 5 1 8 5 1 6 2 5 3 8 8 6 8 2 3 4 8 2 2 2 6 8 3 6 7 4 1 1 5 6 8 3 2 7 1 7 6 
Quality of solution = 0.764023
Working time = 0.000829604s


TEST 54:
8
80 40 80 40 40 80 80 60 
36
20 10 20 5 5 10 20 20 20 20 10 20 10 10 20 20 10 20 20 20 5 10 20 10 20 5 10 20 20 5 10 5 5 20 20 5 
  0   0   0  10   0 100   0   0   0 100  50   0 100   0   0   0  10  50  50  50   0   0  10   0   0   0  50   0   0   0   0  50  50   0  10  50 
  0   0   0  10   0 100   0   0  10  50 100 100 100   0   0  50   0  50   0 100   0 100   0 100   0   0   0 100   0 100   0  50   0  50   0 100 
  0   0   0   0   0 100  50   0 100   0   0   0   0  50  50  10  50   0   0  10   0 100   0  50 100   0   0  10 100  10   0   0   0  50  50 100 
 10  10   0   0  50   0  10   0   0   0   0   0   0 100  10  50   0   0  50 100  50  10 100   0   0   0   0   0   0  10   0 100  50 100  10 100 
  0   0   0  50   0 100   0 100  10   0   0  10   0   0 100  50  50   0   0   0   0   0   0   0   0   0   0 100   0 100  10   0 100  50   0 100 
100 100 100   0 100   0   0   0  50   0 100 100   0   0   0 100   0  50   0   0 100   0 100   0 100   0   0 100  50   0   0  10   0   0   0   0 
  0   0  50  10   0   0   0   0   0   0   0  50 100  10   0   0 100  10  50  50   0   0   0  10   0   0  10 100  10  50 100   0  50   0  10   0 
  0   0   0   0 100   0   0   0   0  50   0   0   0  10  50   0 100   0  10   0  50   0   0   0   0   0 100  50   0   0  50  50   0 100 100  10 
  0  10 100   0  10  50   0   0   0   0 100   0   0  10   0   0   0  50   0   0 100 100  10   0 100   0  10   0   0 100   0 100   0 100   0 100 
100  50   0   0   0   0   0  50   0   0   0   0 100   0   0  50  10   0  10   0   0  50   0   0 100   0   0   0  10 100   0   0 100   0   0   0 
 50 100   0   0   0 100   0   0 100   0   0 100   0 100  10 100   0 100   0  50 100 100   0  50  50   0 100   0   0   0  10 100   0   0   0   0 
  0 100   0   0  10 100  50   0   0   0 100   0  50   0   0  10   0   0  50  50 100   0   0   0   0  10  10 100 100   0  50   0   0 100 100 100 
100 100   0   0   0   0 100   0   0 100   0  50   0  10  50   0  50   0  10  10 100  10   0 100   0 100 100  50 100   0  10  50   0   0   0   0 
  0   0  50 100   0   0  10  10  10   0 100   0  10   0   0 100  10  50 100   0   0   0  10   0 100  50   0   0   0  50  50   0   0   0  10 100 
  0   0  50  10 100   0   0  50   0   0  10   0  50   0   0   0   0   0   0  10  10  50   0 100  50  50 100   0  50   0  50 100   0   0   0  50 
  0  50  10  50  50 100   0   0   0  50 100  10   0 100   0   0 100   0   0 100   0   0   0  10  50  10   0  10  10   0 100   0   0 100   0   0 
 10   0  50   0  50   0 100 100   0  10   0   0  50  10   0 100   0 100   0 100  10  10   0   0 100   0   0  50  10  10  10   0   0  10 100  10 
 50  50   0   0   0  50  10   0  50   0 100   0   0  50   0   0 100   0   0  10  50 100   0   0  10   0   0  50   0  10 100   0   0   0 100 100 
 50   0   0  50   0   0  50  10   0  10   0  50  10 100   0   0   0   0   0   0  50   0   0  50 100  50  50  10   0   0   0   0   0  50   0   0 
 50 100  10 100   0   0  50   0   0   0  50  50  10   0  10 100 100  10   0   0  10  10 100   0   0   0 100  10   0   0   0   0  50  50  50   0 
  0   0   0  50   0 100   0  50 100   0 100 100 100   0  10   0  10  50  50  10   0 100 100   0   0   0 100  50 100   0   0   0   0 100   0   0 
  0 100 100  10   0   0   0   0 100  50 100   0  10   0  50   0  10 100   0  10 100   0 100   0   0   0   0  50 100   0 100 100   0  50   0  50 
 10   0   0 100   0 100   0   0  10   0   0   0   0  10   0   0   0   0   0 100 100 100   0  10   0  50   0  10   0 100   0  50   0   0   0   0 
  0 100  50   0   0   0  10   0   0   0  50   0 100   0 100  10   0   0  50   0   0   0  10   0  50 100   0   0   0   0   0   0  10  10  50  50 
  0   0 100   0   0 100   0   0 100 100  50   0   0 100  50  50 100  10 100   0   0   0   0  50   0 100 100  10  10   0 100   0  50   0 100   0 
  0   0   0   0   0   0   0   0   0   0   0  10 100  50  50  10   0   0  50   0   0   0  50 100 100   0   0   0   0   0   0   0  10 100 100  50 
 50   0   0   0   0   0  10 100  10   0 100  10 100   0 100   0   0   0  50 100 100   0   0   0 100   0   0   0  50   0  10 100   0  50  50  10 
  0 100  10   0 100 100 100  50   0   0   0 100  50   0   0  10  50  50  10  10  50  50  10   0  10   0   0   0  50  10 100   0  10   0   0   0 
  0   0 100   0   0  50  10   0   0  10   0 100 100   0  50  10  10   0   0   0 100 100   0   0  10   0  50  50   0   0  10   0  10   0 100 100 
  0 100  10  10 100   0  50   0 100 100   0   0   0  50   0   0  10  10   0   0   0   0 100   0   0   0   0  10   0   0   0   0  10   0 100   0 
  0   0   0   0  10   0 100  50   0   0  10  50  10  50  50 100  10 100   0   0   0 100   0   0 100   0  10 100  10   0   0   0  10   0   0  50 
 50  50   0 100   0  10   0  50 100   0 100   0  50   0 100   0   0   0   0   0   0 100  50   0   0   0 100   0   0   0   0   0   0   0   0  10 
 50   0   0  50 100   0  50   0   0 100   0   0   0   0   0   0   0   0   0  50   0   0   0  10  50  10   0  10  10  10  10   0   0   0 100   0 
  0  50  50 100  50   0   0 100 100   0   0 100   0   0   0 100  10   0  50  50 100  50   0  10   0 100  50   0   0   0   0   0   0   0   0   0 
 10   0  50  10   0   0  10 100   0   0   0 100   0  10   0   0 100 100   0  50   0   0   0  50 100 100  50   0 100 100   0   0 100   0   0  10 
 50 100 100 100 100   0   0  10 100   0   0 100   0 100  50   0  10 100   0   0   0  50   0  50   0  50  10   0 100   0  50  10   0   0  10   0 

OUT: 
No Sulution
Working time = 0.0005184s


TEST 55:
8
60 40 40 40 40 40 100 40 
33
10 20 20 10 20 10 5 10 20 20 5 10 20 20 20 20 5 20 5 10 10 5 10 20 10 20 10 10 5 5 5 5 5 
  0   0 100   0 100  10   0  10  50   0 100   0   0  50   0  10   0 100  50   0   0   0   0   0  10 100   0  50   0   0  50   0   0 
  0   0  50 100   0  10   0  50   0   0 100   0   0   0  50   0 100 100   0  10 100   0  50  50   0  50   0  10  50 100   0  10   0 
100  50   0 100   0   0 100   0   0  10   0  50  50  10  50 100   0  50 100   0 100 100 100   0   0 100  10  10   0   0   0   0   0 
  0 100 100   0  10  10   0  10 100   0  10   0 100  50   0 100  10 100   0  10   0   0   0 100   0   0 100   0 100   0  50   0  10 
100   0   0  10   0   0   0  10 100  10   0  50  50  10  10   0   0  50 100   0 100 100   0  10   0  50   0 100   0  50  10 100 100 
 10  10   0  10   0   0   0   0   0 100 100   0   0   0  50 100   0  10   0 100   0   0   0   0   0  50   0   0   0  10   0  50   0 
  0   0 100   0   0   0   0  10  50 100 100  10   0   0   0  10   0   0   0   0   0  50  10   0   0   0 100   0  10   0   0  10  50 
 10  50   0  10  10   0  10   0  50 100   0  10   0  10 100   0   0   0  10   0   0   0   0   0   0   0   0   0 100 100 100  10  10 
 50   0   0 100 100   0  50  50   0   0  50 100 100   0   0  10   0 100 100   0   0   0  50  10   0 100   0   0   0   0   0   0 100 
  0   0  10   0  10 100 100 100   0   0 100   0   0   0  50   0  50   0   0  50  50   0  50  50   0 100   0 100   0  10 100  10   0 
100 100   0  10   0 100 100   0  50 100   0   0 100   0   0  10   0  50   0  50  50   0  50  50  50   0   0   0 100  10 100   0   0 
  0   0  50   0  50   0  10  10 100   0   0   0  50   0  50   0 100 100  50 100   0 100 100   0 100  10  50   0 100   0  10   0   0 
  0   0  50 100  50   0   0   0 100   0 100  50   0   0   0   0  10  10 100 100   0 100  10 100  50   0   0   0  10  10   0 100 100 
 50   0  10  50  10   0   0  10   0   0   0   0   0   0   0 100  50  50  10  10 100 100  50 100 100 100   0   0  50   0   0   0   0 
  0  50  50   0  10  50   0 100   0  50   0  50   0   0   0   0 100  50  50  50  50 100 100   0   0   0  50  10   0   0   0   0 100 
 10   0 100 100   0 100  10   0  10   0  10   0   0 100   0   0  50  10  10   0   0 100  10   0  50   0   0   0 100   0   0   0  10 
  0 100   0  10   0   0   0   0   0  50   0 100  10  50 100  50   0  10   0   0   0   0   0 100   0  50  50  50  50  10   0 100   0 
100 100  50 100  50  10   0   0 100   0  50 100  10  50  50  10  10   0  10  50   0  50 100  10   0   0   0  50   0   0 100  50  10 
 50   0 100   0 100   0   0  10 100   0   0  50 100  10  50  10   0  10   0 100  50 100  10  50   0   0 100   0   0  10  10  10   0 
  0  10   0  10   0 100   0   0   0  50  50 100 100  10  50   0   0  50 100   0   0  50   0  10   0   0  10   0 100   0  50  10 100 
  0 100 100   0 100   0   0   0   0  50  50   0   0 100  50   0   0   0  50   0   0   0   0   0 100  10  10   0   0   0  10   0 100 
  0   0 100   0 100   0  50   0   0   0   0 100 100 100 100 100   0  50 100  50   0   0   0   0   0   0   0   0   0  50 100   0 100 
  0  50 100   0   0   0  10   0  50  50  50 100  10  50 100  10   0 100  10   0   0   0   0 100   0  50   0   0   0   0  50   0  10 
  0  50   0 100  10   0   0   0  10  50  50   0 100 100   0   0 100  10  50  10   0   0 100   0   0  50   0   0   0   0 100   0 100 
 10   0   0   0   0   0   0   0   0   0  50 100  50 100   0  50   0   0   0   0 100   0   0   0   0  10   0   0 100   0  10   0   0 
100  50 100   0  50  50   0   0 100 100   0  10   0 100   0   0  50   0   0   0  10   0  50  50  10   0   0  50   0   0  10   0 100 
  0   0  10 100   0   0 100   0   0   0   0  50   0   0  50   0  50   0 100  10  10   0   0   0   0   0   0 100  10   0   0   0   0 
 50  10  10   0 100   0   0   0   0 100   0   0   0   0  10   0  50  50   0   0   0   0   0   0   0  50 100   0  10  50  50 100  50 
  0  50   0 100   0   0  10 100   0   0 100 100  10  50   0 100  50   0   0 100   0   0   0   0 100   0  10  10   0   0  50  10  10 
  0 100   0   0  50  10   0 100   0  10  10   0  10   0   0   0  10   0  10   0   0  50   0   0   0   0   0  50   0   0   0   0   0 
 50   0   0  50  10   0   0 100   0 100 100  10   0   0   0   0   0 100  10  50  10 100  50 100  10  10   0  50  50   0   0   0 100 
  0  10   0   0 100  50  10  10   0  10   0   0 100   0   0   0 100  50  10  10   0   0   0   0   0   0   0 100  10   0   0   0   0 
  0   0   0  10 100   0  50  10 100   0   0   0 100   0 100  10   0  10   0 100 100 100  10 100   0 100   0  50  10   0 100   0   0 

OUT: 
7 7 7 7 2 6 8 8 1 5 7 1 1 4 5 6 3 7 1 7 2 1 3 3 6 4 8 8 2 3 2 8 7 
Quality of solution = 0.802752
Working time = 0.000422965s


TEST 56:
8
60 40 60 60 100 40 100 80 
38
20 10 20 20 20 10 20 20 5 5 10 20 20 5 5 20 20 5 10 20 10 5 5 10 20 20 20 20 10 20 20 10 20 10 20 10 20 5 
  0   0   0  50  10   0   0   0 100   0  10 100   0  50  50   0   0 100  10   0 100  10  10  10   0 100   0   0   0  10 100  50 100 100   0 100   0   0 
  0   0 100  10  10  10  10 100  10 100 100   0 100   0 100   0  10   0  50  10   0  10  10  10   0  10  50 100  10 100   0  50 100 100   0  50 100   0 
  0 100   0 100  50 100 100 100  50  10 100   0   0   0   0   0   0   0  10  50   0  10   0   0   0  10   0 100  50 100   0  10   0   0   0   0   0  10 
 50  10 100   0   0   0  10   0 100  50   0   0  10   0   0   0  50   0  10 100   0 100 100 100  50   0  10   0   0  50   0   0  50   0  50   0   0  10 
 10  10  50   0   0   0   0  50  50   0   0   0  50   0 100  50  10   0   0  50 100  50   0   0   0 100  50  10  10  10   0   0  50   0  50  50   0 100 
  0  10 100   0   0   0   0  10   0  10  10 100   0   0 100   0   0   0 100 100   0   0  50  50   0   0  10 100   0   0  50   0  50   0   0  50 100   0 
  0  10 100  10   0   0   0  50  10   0   0 100 100 100   0   0  10 100   0  50 100  50   0  50   0  50   0  50   0 100   0   0   0 100  50   0 100   0 
  0 100 100   0  50  10  50   0 100 100   0   0   0 100  50 100   0  50 100 100  50   0  10 100   0   0 100   0  10   0   0 100  10   0   0   0  10   0 
100  10  50 100  50   0  10 100   0   0  10   0   0  50   0 100   0   0 100   0   0  50 100 100   0   0   0  10  50   0   0   0 100   0  10 100   0 100 
  0 100  10  50   0  10   0 100   0   0   0   0   0   0  10   0 100   0  50   0 100   0 100 100 100 100  50   0   0  10 100   0   0  10   0 100   0   0 
 10 100 100   0   0  10   0   0  10   0   0  10 100   0   0   0   0   0  50   0 100   0 100   0   0 100 100   0   0  50   0   0   0   0  50   0   0   0 
100   0   0   0   0 100 100   0   0   0  10   0 100 100   0  50   0  10  10  10 100   0   0   0  50  10   0   0   0 100   0   0   0  50  10   0  50   0 
  0 100   0  10  50   0 100   0   0   0 100 100   0   0   0   0   0  10 100   0   0 100  10  10 100   0   0 100   0   0   0 100  10  10  50  50   0 100 
 50   0   0   0   0   0 100 100  50   0   0 100   0   0  10  10  10  50   0   0   0   0  50   0 100  50 100 100 100  10  50  10   0 100   0   0  50   0 
 50 100   0   0 100 100   0  50   0  10   0   0   0  10   0 100  10   0   0   0  50  50 100  50   0  10   0   0   0 100 100  50 100  10  10  50   0  50 
  0   0   0   0  50   0   0 100 100   0   0  50   0  10 100   0   0   0   0  50  50   0   0 100  50  50 100 100  10  10   0   0 100  10 100 100 100 100 
  0  10   0  50  10   0  10   0   0 100   0   0   0  10  10   0   0 100   0  50  50  10   0 100 100   0   0 100 100   0   0   0   0   0   0  10  50  10 
100   0   0   0   0   0 100  50   0   0   0  10  10  50   0   0 100   0  50   0  10  10  10  10 100  50  10   0   0   0   0 100   0  10 100 100  50   0 
 10  50  10  10   0 100   0 100 100  50  50  10 100   0   0   0   0  50   0   0   0  50  50  10 100   0  50   0  50 100   0   0   0   0   0   0   0 100 
  0  10  50 100  50 100  50 100   0   0   0  10   0   0   0  50  50   0   0   0  50   0   0 100  10   0   0 100   0  10 100   0   0   0   0  10   0  10 
100   0   0   0 100   0 100  50   0 100 100 100   0   0  50  50  50  10   0  50   0  10 100  50   0  50 100   0  50 100 100 100   0   0   0 100   0   0 
 10  10  10 100  50   0  50   0  50   0   0   0 100   0  50   0  10  10  50   0  10   0   0  50   0   0   0  10 100   0   0   0   0   0 100 100 100  50 
 10  10   0 100   0  50   0  10 100 100 100   0  10  50 100   0   0  10  50   0 100   0   0   0   0   0   0   0   0  10 100 100   0  50   0   0   0   0 
 10  10   0 100   0  50  50 100 100 100   0   0  10   0  50 100 100  10  10 100  50  50   0   0   0   0  50 100  10  50   0   0   0  50   0   0 100 100 
  0   0   0  50   0   0   0   0   0 100   0  50 100 100   0  50 100 100 100  10   0   0   0   0   0   0  50  50  10  50  10 100  10 100   0 100 100 100 
100  10  10   0 100   0  50   0   0 100 100  10   0  50  10  50   0  50   0   0  50   0   0   0   0   0   0   0   0   0   0   0  50   0 100   0   0   0 
  0  50   0  10  50  10   0 100   0  50 100   0   0 100   0 100   0  10  50   0 100   0   0  50  50   0   0 100 100 100  50  10  50  10   0   0   0   0 
  0 100 100   0  10 100  50   0  10   0   0   0 100 100   0 100 100   0   0 100   0  10   0 100  50   0 100   0   0   0   0   0 100  50   0  50  10  10 
  0  10  50   0  10   0   0  10  50   0   0   0   0 100   0  10 100   0  50   0  50 100   0  10  10   0 100   0   0 100   0   0 100   0   0   0 100  10 
 10 100 100  50  10   0 100   0   0  10  50 100   0  10 100  10   0   0 100  10 100   0  10  50  50   0 100   0 100   0 100   0   0   0 100   0   0  50 
100   0   0   0   0  50   0   0   0 100   0   0   0  50 100   0   0   0   0 100 100   0 100   0  10   0  50   0   0 100   0  50  10   0 100   0   0  10 
 50  50  10   0   0   0   0 100   0   0   0   0 100  10  50   0   0 100   0   0 100   0 100   0 100   0  10   0   0   0  50   0  50 100  10 100  50  10 
100 100   0  50  50  50   0  10 100   0   0   0  10   0 100 100   0   0   0   0   0   0   0   0  10  50  50 100 100   0  10  50   0 100   0  10   0  50 
100 100   0   0   0   0 100   0   0  10   0  50  10 100  10  10   0  10   0   0   0   0  50  50 100   0  10  50   0   0   0 100 100   0   0  10   0 100 
  0   0   0  50  50   0  50   0  10   0  50  10  50   0  10 100   0 100   0   0   0 100   0   0   0 100   0   0   0 100 100  10   0   0   0 100   0 100 
100  50   0   0  50  50   0   0 100 100   0   0  50   0  50 100  10 100   0  10 100 100   0   0 100   0   0  50   0   0   0 100  10  10 100   0   0  50 
  0 100   0   0   0 100 100  10   0   0   0  50   0  50   0 100  50  50   0   0   0 100   0 100 100   0   0  10 100   0   0  50   0   0   0   0   0   0 
  0   0  10  10 100   0   0   0 100   0   0   0 100   0  50 100  10   0 100  10   0  50   0 100 100   0   0  10  10  50  10  10  50 100 100  50   0   0 

OUT: 
No Sulution
Working time = 0.000524227s


TEST 57:
8
80 40 80 60 100 80 60 60 
50
10 5 5 10 20 10 20 10 5 20 20 5 20 10 10 5 5 20 20 5 5 10 5 5 10 10 20 5 10 20 20 10 5 20 10 10 5 10 20 5 5 10 5 10 5 5 20 20 20 10 
  0  50 100   0 100   0  10  10  10   0  10  10 100 100   0  50   0   0   0  50   0  10  10   0 100   0   0   0   0  50  10  50   0  10  50 100  50 100  10  50  50   0   0   0   0   0  10 100  50 100 
 50   0   0 100   0 100 100  50   0 100  50  10 100   0  10  10  50   0   0   0  50   0   0 100   0  50   0   0 100 100  50   0   0   0   0   0  50   0  10 100  10  10  10 100  10 100   0  50  50  50 
100   0   0   0  50   0   0   0  10   0 100   0  10 100 100 100   0   0   0   0  50   0   0 100   0  10   0 100   0   0  50   0 100 100   0   0 100   0  50  10 100   0 100   0 100 100 100  10  10   0 
  0 100   0   0  10   0 100  10   0  50   0   0 100   0 100   0 100   0 100   0  50   0 100   0  10   0   0  50   0  10   0   0  50   0 100 100   0 100 100  10   0   0  10   0   0   0   0  50  50 100 
100   0  50  10   0   0  10  10   0  10  10  50   0  50   0   0   0   0   0 100   0 100   0   0  10  10   0 100   0  50   0  50 100   0  50 100   0  10  10   0   0  10  10 100   0   0   0 100   0   0 
  0 100   0   0   0   0  10   0   0   0  10   0  50 100   0  10   0  10  10  10   0  10 100 100 100   0  50  10   0  50   0   0   0   0   0   0 100  50   0 100   0   0 100   0   0 100   0   0   0 100 
 10 100   0 100  10  10   0   0 100  10 100  50   0   0  50   0   0   0  10  50   0   0   0  10  50   0  10   0 100  50   0  50   0  50   0   0  10  10   0 100   0  50  50   0  10 100   0  10   0 100 
 10  50   0  10  10   0   0   0 100   0   0  10  10   0   0  10   0  50  50  10   0   0 100 100   0  10  50 100   0   0  10 100   0   0  50   0 100   0   0   0 100  10   0   0   0  10   0   0   0   0 
 10   0  10   0   0   0 100 100   0   0   0   0 100   0  50   0  10 100   0   0   0   0 100 100   0   0 100  50   0   0  50 100 100  10   0 100   0  50 100   0  10   0  50   0 100   0   0  10   0   0 
  0 100   0  50  10   0  10   0   0   0  10 100   0  10  10   0 100  10   0   0 100 100 100   0  50   0  10  50   0   0  50   0   0   0  50 100   0 100 100 100   0  50  50   0   0   0 100  10   0  50 
 10  50 100   0  10  10 100   0   0  10   0  10   0   0   0  10  50 100  10  10   0 100   0   0  50  50   0   0 100 100  50   0  10   0  10  10   0   0 100   0  10   0  10   0  50  50   0   0   0 100 
 10  10   0   0  50   0  50  10   0 100  10   0   0   0   0   0   0 100 100 100   0  50  10   0   0  10 100 100 100 100  10   0   0  10   0  50  50  10  10  50   0   0   0  10  10   0   0   0  50   0 
100 100  10 100   0  50   0  10 100   0   0   0   0   0  10   0 100  10 100 100  10   0 100  10 100   0  50   0   0  10   0   0   0  50  10   0  10   0  10  10   0   0   0   0  50   0   0 100   0  50 
100   0 100   0  50 100   0   0   0  10   0   0   0   0 100 100  10   0   0   0  10   0   0   0  50  10  10  50   0   0   0   0   0   0 100  50   0   0  10   0   0   0   0   0   0  10   0   0   0  10 
  0  10 100 100   0   0  50   0  50  10   0   0  10 100   0   0   0 100 100   0   0   0   0  50   0  50   0  10   0  50   0   0   0   0   0   0   0  50 100   0  10   0   0  10 100   0   0   0  50   0 
 50  10 100   0   0  10   0  10   0   0  10   0   0 100   0   0  10  50  10 100  50   0   0  10   0 100   0   0 100   0  50 100  10  50 100  50   0 100   0   0   0 100  10 100 100   0   0  10   0 100 
  0  50   0 100   0   0   0   0  10 100  50   0 100  10   0  10   0   0   0   0   0  10   0 100  10   0   0  10   0   0  10   0 100 100  10   0  50   0   0   0 100  10   0   0 100   0  10   0   0   0 
  0   0   0   0   0  10   0  50 100  10 100 100  10   0 100  50   0   0 100   0  50   0  10  10  10  10  10 100 100  10 100  10  50   0  50   0   0  10 100   0   0  10 100   0  50   0   0   0   0 100 
  0   0   0 100   0  10  10  50   0   0  10 100 100   0 100  10   0 100   0   0   0   0  10   0   0 100   0  10   0 100 100   0   0   0   0  10  50  50 100  10   0   0   0  50   0  50 100   0   0   0 
 50   0   0   0 100  10  50  10   0   0  10 100 100   0   0 100   0   0   0   0 100  50 100   0 100  50 100  10   0  10  50 100  50   0   0  50  10  50 100 100 100   0   0   0   0 100  10   0  10   0 
  0  50  50  50   0   0   0   0   0 100   0   0  10  10   0  50   0  50   0 100   0   0  10   0  50 100 100  50   0   0  50   0 100 100   0  50  50  50   0   0   0   0   0   0   0 100  10   0   0   0 
 10   0   0   0 100  10   0   0   0 100 100  50   0   0   0   0  10   0   0  50   0   0 100   0   0   0   0 100  50   0   0 100 100   0   0   0  50  50  10   0   0   0  50 100  10  10 100 100 100  10 
 10   0   0 100   0 100   0 100 100 100   0  10 100   0   0   0   0  10  10 100  10 100   0   0   0  50  50   0 100  10  50   0   0   0  50  50 100 100  10   0   0  50  10 100  10   0   0   0   0 100 
  0 100 100   0   0 100  10 100 100   0   0   0  10   0  50  10 100  10   0   0   0   0   0   0   0  10   0  50  50 100   0   0  10 100  10 100 100   0   0   0   0 100 100   0   0 100  50 100   0   0 
100   0   0  10  10 100  50   0   0  50  50   0 100  50   0   0  10  10   0 100  50   0   0   0   0  10 100   0   0  50  10   0   0   0   0  50 100 100   0  50   0 100   0  10   0  50   0   0   0   0 
  0  50  10   0  10   0   0  10   0   0  50  10   0  10  50 100   0  10 100  50 100   0  50  10  10   0   0  50   0   0  50  10  10   0 100   0   0 100  50 100   0   0   0   0  50 100   0   0   0   0 
  0   0   0   0   0  50  10  50 100  10   0 100  50  10   0   0   0  10   0 100 100   0  50   0 100   0   0  50  10   0 100   0  50  10   0  50   0   0   0   0   0   0 100  10  50   0  50  50   0   0 
  0   0 100  50 100  10   0 100  50  50   0 100   0  50  10   0  10 100  10  10  50 100   0  50   0  50  50   0 100 100  50   0   0  10  10  10   0  50   0   0   0  10   0   0 100   0   0  10  50 100 
  0 100   0   0   0   0 100   0   0   0 100 100   0   0   0 100   0 100   0   0   0  50 100  50   0   0  10 100   0   0  50 100   0 100  50   0 100  10   0  10   0   0   0  10 100  10  50   0  10  50 
 50 100   0  10  50  50  50   0   0   0 100 100  10   0  50   0   0  10 100  10   0   0  10 100  50   0   0 100   0   0 100   0   0   0   0   0  10 100 100   0   0   0 100 100   0   0   0 100   0  10 
 10  50  50   0   0   0   0  10  50  50  50  10   0   0   0  50  10 100 100  50  50   0  50   0  10  50 100  50  50 100   0  50 100  50   0   0   0 100   0  50   0  50 100   0   0   0  50   0 100  50 
 50   0   0   0  50   0  50 100 100   0   0   0   0   0   0 100   0  10   0 100   0 100   0   0   0  10   0   0 100   0  50   0   0   0   0 100   0   0 100 100   0   0   0   0 100  50   0 100   0   0 
  0   0 100  50 100   0   0   0 100   0  10   0   0   0   0  10 100  50   0  50 100 100   0  10   0  10  50   0   0   0 100   0   0  10   0 100 100   0   0   0   0   0   0   0   0 100   0   0   0 100 
 10   0 100   0   0   0  50   0  10   0   0  10  50   0   0  50 100   0   0   0 100   0   0 100   0   0  10  10 100   0  50   0  10   0 100  10   0  10   0 100 100 100  10   0 100   0   0   0   0 100 
 50   0   0 100  50   0   0  50   0  50  10   0  10 100   0 100  10  50   0   0   0   0  50  10   0 100   0  10  50   0   0   0   0 100   0  10  10 100  10   0 100  10  10   0 100   0   0  50  10   0 
100   0   0 100 100   0   0   0 100 100  10  50   0  50   0  50   0   0  10  50  50   0  50 100  50   0  50  10   0   0   0 100 100  10  10   0   0  50   0   0  10 100  50   0   0   0  50  50  10   0 
 50  50 100   0   0 100  10 100   0   0   0  50  10   0   0   0  50   0  50  10  50  50 100 100 100   0   0   0 100  10   0   0 100   0  10   0   0   0   0 100 100   0   0  10 100 100  50  10   0  50 
100   0   0 100  10  50  10   0  50 100   0  10   0   0  50 100   0  10  50  50  50  50 100   0 100 100   0  50  10 100 100   0   0  10 100  50   0   0  50   0   0   0 100   0  10   0   0 100  50  50 
 10  10  50 100  10   0   0   0 100 100 100  10  10  10 100   0   0 100 100 100   0  10  10   0   0  50   0   0   0 100   0 100   0   0  10   0   0  50   0   0   0   0 100  10   0   0 100   0  10   0 
 50 100  10  10   0 100 100   0   0 100   0  50  10   0   0   0   0   0  10 100   0   0   0   0  50 100   0   0  10   0  50 100   0 100   0   0 100   0   0   0   0   0  50   0 100   0   0 100   0  10 
 50  10 100   0   0   0   0 100  10   0  10   0   0   0  10   0 100   0   0 100   0   0   0   0   0   0   0   0   0   0   0   0   0 100 100  10 100   0   0   0   0  50  10  10  10   0   0   0  50  10 
  0  10   0   0  10   0  50  10   0  50   0   0   0   0   0 100  10  10   0   0   0   0  50 100 100   0   0  10   0   0  50   0   0 100  10 100   0   0   0   0  50   0   0   0 100   0   0  10   0 100 
  0  10 100  10  10 100  50   0  50  50  10   0   0   0   0  10   0 100   0   0   0  50  10 100   0   0 100   0   0 100 100   0   0  10  10  50   0 100 100  50  10   0   0  10   0   0   0 100   0  10 
  0 100   0   0 100   0   0   0   0   0   0  10   0   0  10 100   0   0  50   0   0 100 100   0  10   0  10   0  10 100   0   0   0   0   0   0  10   0  10   0  10   0  10   0   0  10 100 100  10 100 
  0  10 100   0   0   0  10   0 100   0  50  10  50   0 100 100 100  50   0   0   0  10  10   0   0  50  50 100 100   0   0 100   0 100 100   0 100  10   0 100  10 100   0   0   0   0   0  10 100   0 
  0 100 100   0   0 100 100  10   0   0  50   0   0  10   0   0   0   0  50 100 100  10   0 100  50 100   0   0  10   0   0  50 100   0   0   0 100   0   0   0   0   0   0  10   0   0  10   0  10  50 
 10   0 100   0   0   0   0   0   0 100   0   0   0   0   0   0  10   0 100  10  10 100   0  50   0   0  50   0  50   0  50   0   0   0   0  50  50   0 100   0   0   0   0 100   0  10   0   0   0 100 
100  50  10  50 100   0  10   0  10  10   0   0 100   0   0  10   0   0   0   0   0 100   0 100   0   0  50  10   0 100   0 100   0   0  50  50  10 100   0 100   0  10 100 100  10   0   0   0 100   0 
 50  50  10  50   0   0   0   0   0   0   0  50   0   0  50   0   0   0   0  10   0 100   0   0   0   0   0  50  10   0 100   0   0   0  10  10   0  50  10   0  50   0   0  10 100  10   0 100   0  10 
100  50   0 100   0 100 100   0   0  50 100   0  50  10   0 100   0 100   0   0   0  10 100   0   0   0   0 100  50  10  50   0 100 100   0   0  50  50   0  10  10 100  10 100   0  50 100   0  10   0 

OUT: 
5 3 4 5 7 1 1 7 3 5 6 4 5 2 8 3 2 6 8 5 3 7 5 1 5 7 3 4 4 6 3 4 3 4 7 5 1 5 6 1 2 3 1 8 4 3 8 1 2 1 
Quality of solution = 0.779921
Working time = 0.00096575s


TEST 58:
8
40 100 80 60 100 60 80 80 
61
20 20 5 10 5 10 10 20 5 5 5 5 5 10 10 20 20 10 20 10 5 10 5 20 5 5 10 5 10 5 10 5 10 20 5 20 5 5 10 5 10 5 5 10 10 5 20 10 10 20 5 10 5 5 10 5 20 20 5 5 5 
  0   0   0   0  50   0   0   0  50 100  10   0   0   0   0   0  10 100  10   0   0   0  10   0  10   0   0   0 100 100  50 100  10  10   0  50   0  50   0   0 100 100   0 100   0 100   0  10  10  10  50   0   0  10   0  50  10  50   0 100   0 
  0   0   0   0   0 100 100  10   0  50   0   0 100   0  50 100   0   0   0 100   0 100   0 100   0   0   0   0  10   0   0   0 100 100   0   0 100 100  10  10   0  10  50   0 100   0   0   0 100  50   0  10   0   0   0   0   0 100   0  50 100 
  0   0   0   0   0   0  50  10 100 100   0   0   0   0   0   0 100 100   0 100  50 100 100   0  10   0   0  10   0   0   0   0   0  50 100   0   0 100   0   0  10  10  50  50   0  50   0   0   0   0   0   0  10   0 100  50   0   0  50 100   0 
  0   0   0   0   0  50   0   0 100   0   0   0   0   0   0  10   0  10 100   0   0  10  10 100  10   0   0   0   0  10  10   0 100  50   0   0   0  10   0   0  50   0   0 100   0  10 100   0  50   0   0   0  10   0 100   0 100   0 100   0   0 
 50   0   0   0   0  10   0   0   0  50  10   0 100  10  10 100   0   0   0 100 100 100   0 100 100   0   0   0   0   0   0  10  10  50   0   0   0   0   0  10  50   0   0   0  50 100   0 100   0  10 100   0   0 100   0  10   0  10 100 100  50 
  0 100   0  50  10   0 100   0 100 100   0   0  10   0 100   0  50  10 100  50   0  10 100 100   0   0 100  50   0  10 100  10   0 100  50   0 100  10   0  50   0   0   0   0   0  50   0  50   0   0 100  50   0   0 100 100  50 100   0   0  50 
  0 100  50   0   0 100   0   0   0 100 100   0   0 100   0 100  10   0 100 100   0   0   0  10  10   0   0   0  50  50  50   0  10 100  50 100   0   0   0 100   0  10 100  10   0 100  50 100 100   0   0   0   0   0   0   0  10   0 100   0  50 
  0  10  10   0   0   0   0   0   0   0   0 100  50  10   0 100   0   0   0  50   0   0  50   0   0   0   0   0  50 100   0   0  10  50   0   0   0   0   0   0   0 100  10   0   0 100   0   0  50 100   0   0   0 100 100   0   0  50   0 100 100 
 50   0 100 100   0 100   0   0   0   0  50  10  50 100   0  50   0   0  10  10  10   0 100 100   0   0 100  10  50 100  50   0   0 100   0   0   0 100  10  50  10  10   0   0 100   0   0   0   0   0   0  50   0   0   0  10   0  10  50 100   0 
100  50 100   0  50 100 100   0   0   0   0 100  10   0  50   0  50   0 100  50 100 100  10  50   0  10 100  50   0   0  10  10 100   0  50   0  10  10   0  10   0  10 100  50   0   0  10   0   0 100   0  10  50   0   0   0  10 100 100   0   0 
 10   0   0   0  10   0 100   0  50   0   0 100   0 100   0 100 100  10   0  50  50   0 100 100   0  50   0 100   0  10  50 100   0  50   0   0   0 100 100  50 100 100 100   0 100   0   0 100  10  50   0   0   0  50  10   0   0 100  50  10 100 
  0   0   0   0   0   0   0 100  10 100 100   0 100 100   0   0   0   0  50  10 100  50   0 100   0   0   0   0   0  50  10 100 100   0   0   0 100  50   0   0   0  50   0  50  10  50  10  50   0  50 100   0  10 100  10   0   0  10   0   0   0 
  0 100   0   0 100  10   0  50  50  10   0 100   0 100  50 100   0 100  50   0  50  10   0 100 100 100 100  50   0   0  50   0  10   0 100   0   0 100   0 100   0  10  50   0   0   0   0  50   0   0 100   0   0   0 100   0  10  10  50   0  10 
  0   0   0   0  10   0 100  10 100   0 100 100 100   0   0  10   0   0 100 100   0  10  10  10 100   0   0  50   0   0   0   0   0   0  10   0   0   0   0   0   0   0  50  50 100   0 100 100   0  50 100   0   0  50   0   0  50   0   0 100   0 
  0  50   0   0  10 100   0   0   0  50   0   0  50   0   0 100 100   0   0  10  10  50   0   0  10   0   0  50   0   0  10 100  10   0   0 100   0  50   0  10   0 100   0 100   0   0  10 100   0  50   0  10  10  10  50   0 100   0   0  10   0 
  0 100   0  10 100   0 100 100  50   0 100   0 100  10 100   0   0   0   0   0 100  10  50 100   0   0  10  10   0   0  50  50   0  10  50   0 100   0   0   0   0  10   0   0  50  50  50  50 100 100  50   0  50 100 100   0 100   0  10  10   0 
 10   0 100   0   0  50  10   0   0  50 100   0   0   0 100   0   0 100   0 100 100   0   0   0  10 100 100  50 100 100  50   0   0   0   0   0   0 100 100  10 100   0   0   0  50 100   0 100   0   0   0 100   0   0   0   0  50   0 100  50   0 
100   0 100  10   0  10   0   0   0   0  10   0 100   0   0   0 100   0  10   0   0   0   0 100   0   0   0  50   0   0   0   0 100   0  50   0  50  50 100   0   0  50  50  10   0  10   0   0   0  50 100   0   0  50 100  50  10   0   0 100   0 
 10   0   0 100   0 100 100   0  10 100   0  50  50 100   0   0   0  10   0   0   0   0 100  10   0   0   0  10   0 100  10   0   0   0 100   0   0   0   0  10   0  50 100 100 100   0 100  50   0 100  10 100   0   0 100  50   0   0 100 100   0 
  0 100 100   0 100  50 100  50  10  50  50  10   0 100  10   0 100   0   0   0  10  10 100 100   0 100   0 100   0  10 100   0   0  10  10   0   0   0   0   0   0 100 100   0   0   0  10  10  10   0  10  10   0   0   0 100   0  10  10   0  10 
  0   0  50   0 100   0   0   0  10 100  50 100  50   0  10 100 100   0   0  10   0   0   0   0   0 100   0 100   0 100  10   0  50   0 100 100   0   0  50   0   0  10  10  50 100   0 100   0   0 100   0   0 100   0   0   0   0   0   0 100   0 
  0 100 100  10 100  10   0   0   0 100   0  50  10  10  50  10   0   0   0  10   0   0  10   0 100   0   0   0   0  10 100   0 100  10  10   0 100 100   0 100 100   0   0  10 100   0 100 100   0  50  10 100   0  50   0   0 100   0  50   0 100 
 10   0 100  10   0 100   0  50 100  10 100   0   0  10   0  50   0   0 100 100   0  10   0  10   0   0  50   0  50  50   0 100   0   0  50 100   0   0   0 100   0 100  50  10   0 100   0   0   0 100  50 100 100   0   0   0   0   0   0  50 100 
  0 100   0 100 100 100  10   0 100  50 100 100 100  10   0 100   0 100  10 100   0   0  10   0 100   0   0  50   0 100   0   0   0  10 100   0  50 100   0   0   0 100  10   0 100  50  50  50  10 100  50  50   0  50   0  50   0   0 100   0   0 
 10   0  10  10 100   0  10   0   0   0   0   0 100 100  10   0  10   0   0   0   0 100   0 100   0   0   0   0   0   0   0 100 100   0   0 100  10   0   0   0   0   0  10  50  10 100  10   0  50  50  50   0  50   0  50   0 100   0   0   0  50 
  0   0   0   0   0   0   0   0   0  10  50   0 100   0   0   0 100   0   0 100 100   0   0   0   0   0  10   0  50   0   0   0 100   0   0   0 100   0 100   0   0 100   0   0 100   0 100 100 100  10  50   0  50  50  50 100  50   0 100   0  50 
  0   0   0   0   0 100   0   0 100 100   0   0 100   0   0  10 100   0   0   0   0   0  50   0   0  10   0  50 100  50 100   0 100 100   0   0   0   0   0 100   0   0   0   0 100 100  10  50  50   0   0   0   0   0 100 100  50  10  50 100   0 
  0   0  10   0   0  50   0   0  10  50 100   0  50  50  50  10  50  50  10 100 100   0   0  50   0   0  50   0   0   0   0  50   0  50  10  10 100   0   0   0   0 100  10 100 100 100  10   0  50 100 100  10   0   0   0  50   0 100   0   0  10 
100  10   0   0   0   0  50  50  50   0   0   0   0   0   0   0 100   0   0   0   0   0  50   0   0  50 100   0   0 100  50   0  10  50  10 100  50   0  10   0 100  50   0 100   0   0 100  10  50   0   0   0 100  10   0   0  10   0   0  50   0 
100   0   0  10   0  10  50 100 100   0  10  50   0   0   0   0 100   0 100  10 100  10  50 100   0   0  50   0 100   0   0 100  10  50 100 100  10  50   0 100 100   0   0  50 100  10  10  10   0 100   0   0  50 100 100  10   0 100   0   0  50 
 50   0   0  10   0 100  50   0  50  10  50  10  50   0  10  50  50   0  10 100  10 100   0   0   0   0 100   0  50   0   0 100 100  10  50   0   0  50 100   0  50  50 100  10   0 100 100   0   0  50   0 100   0  10  10  10   0  10   0  10  50 
100   0   0   0  10  10   0   0   0  10 100 100   0   0 100  50   0   0   0   0   0   0 100   0 100   0   0  50   0 100 100   0   0 100 100   0  10  10  10   0   0   0   0  10  50 100   0   0   0  10   0  10 100   0 100 100 100   0  10  10  50 
 10 100   0 100  10   0  10  10   0 100   0 100  10   0  10   0   0 100   0   0  50 100   0   0 100 100 100   0  10  10 100   0   0   0   0 100   0   0   0   0  50  50  10   0  50   0  10 100   0   0   0 100  50   0 100  50   0   0   0  50   0 
 10 100  50  50  50 100 100  50 100   0  50   0   0   0   0  10   0   0   0  10   0  10   0  10   0   0 100  50  50  50  10 100   0   0  50   0 100   0   0  50   0   0  10 100 100   0   0   0   0   0  50 100  50   0   0   0  10  10  50  10   0 
  0   0 100   0   0  50  50   0   0  50   0   0 100  10   0  50   0  50 100  10 100  10  50 100   0   0   0  10  10 100  50 100   0  50   0  10  10   0   0   0   0  50   0   0 100  10  50   0 100   0  10   0   0   0  10   0 100  10   0   0  50 
 50   0   0   0   0   0 100   0   0   0   0   0   0   0 100   0   0   0   0   0 100   0 100   0 100   0   0  10 100 100   0   0 100   0  10   0   0  10   0   0   0  50  10   0   0   0 100 100   0 100 100  50   0  10   0 100  10 100  50  10  10 
  0 100   0   0   0 100   0   0   0  10   0 100   0   0   0 100   0  50   0   0   0 100   0  50  10 100   0 100  50  10   0  10   0 100  10   0   0 100 100   0 100 100 100 100  10 100  10  10   0 100  50   0  50   0 100   0   0  10  10   0 100 
 50 100 100  10   0  10   0   0 100  10 100  50 100   0  50   0 100  50   0   0   0 100   0 100   0   0   0   0   0  50  50  10   0   0   0  10 100   0   0  50  50 100   0  10  50   0  10   0  10  10 100  10 100   0  10   0   0  10 100 100   0 
  0  10   0   0   0   0   0   0  10   0 100   0   0   0   0   0 100 100   0   0  50   0   0   0   0 100   0   0  10   0 100  10   0   0   0   0 100   0   0 100 100   0   0   0   0 100   0  10 100 100 100 100   0   0   0  50  10   0 100   0  10 
  0  10   0   0  10  50 100   0  50  10  50   0 100   0  10   0  10   0  10   0   0 100 100   0   0   0 100   0   0 100   0   0   0  50   0   0   0  50 100   0   0   0  50   0   0  50   0   0  50   0   0 100 100   0   0  10  10  50   0  50  10 
100   0  10  50  50   0   0   0  10   0 100   0   0   0   0   0 100   0   0   0   0 100   0   0   0   0   0   0 100 100  50   0  50   0   0   0 100  50 100   0   0  10 100   0   0   0   0  10   0   0 100  50   0   0   0   0  10   0   0 100   0 
100  10  10   0   0   0  10 100  10  10 100  50  10   0 100  10   0  50  50 100  10   0 100 100   0 100   0 100  50   0  50   0  50   0  50  50 100 100   0   0  10   0 100   0   0   0   0   0   0   0   0 100  10 100  50   0 100   0   0   0   0 
  0  50  50   0   0   0 100  10   0 100 100   0  50  50   0   0   0  50 100 100  10   0  50  10  10   0   0  10   0   0 100   0  10  10   0  10 100   0   0  50 100 100   0 100  50   0  50   0 100   0  10  10  10   0  10   0   0   0  10  50  50 
100   0  50 100   0   0  10   0   0  50   0  50   0  50 100   0   0  10 100   0  50  10  10   0  50   0   0 100 100  50  10  10   0 100   0   0 100  10   0   0   0   0 100   0   0 100   0   0  50 100 100 100   0   0  50   0   0  10   0  50 100 
  0 100   0   0  50   0   0   0 100   0 100  10   0 100   0  50  50   0 100   0 100 100   0 100  10 100 100 100   0 100   0  50  50 100 100   0  10  50   0   0   0   0  50   0   0  50   0  50   0 100 100 100  50   0   0 100  10   0   0   0   0 
100   0  50  10 100  50 100 100   0   0   0  50   0   0   0  50 100  10   0   0   0   0 100  50 100   0 100 100   0  10 100 100   0   0  10   0 100   0 100  50   0   0   0 100  50   0 100   0 100   0  10   0   0  10   0 100   0 100  50   0 100 
  0   0   0 100   0   0  50   0   0  10   0  10   0 100  10  50   0   0 100  10 100 100   0  50  10 100  10  10 100  10 100   0  10   0  50 100  10  10   0   0   0   0  50   0   0 100   0  50  50  50   0 100 100  10  10   0   0  50   0   0 100 
 10   0   0   0 100  50 100   0   0   0 100  50  50 100 100  50 100   0  50  10   0 100   0  50   0 100  50   0  10  10   0   0 100   0   0 100  10   0  10   0  10   0   0   0  50   0  50   0   0  50 100  10  50   0   0   0   0   0   0  10 100 
 10 100   0  50   0   0 100  50   0   0  10   0   0   0   0 100   0   0   0  10   0   0   0  10  50 100  50  50  50   0   0   0   0   0 100   0   0  10 100  50   0   0 100  50   0 100  50   0   0 100   0   0 100   0   0   0   0 100   0   0   0 
 10  50   0   0  10   0   0 100   0 100  50  50   0  50  50 100   0  50 100   0 100  50 100 100  50  10   0 100   0 100  50  10   0   0   0 100 100  10 100   0   0   0   0 100 100   0  50  50 100   0  50   0  50   0   0 100   0 100 100 100 100 
 50   0   0   0 100 100   0   0   0   0   0 100 100 100   0  50   0 100  10  10   0  10  50  50  50  50   0 100   0   0   0   0   0  50  10 100  50 100 100   0 100   0  10 100 100  10   0 100   0  50   0   0  50 100   0  10   0   0 100   0   0 
  0  10   0   0   0  50   0   0  50  10   0   0   0   0  10   0 100   0 100  10   0 100 100  50   0   0   0  10   0   0 100  10 100 100   0  50   0  10 100 100  50 100  10 100 100   0 100  10   0   0   0   0  50   0 100  10  10  50  50  10   0 
  0   0  10  10   0   0   0   0   0  50   0  10   0   0  10  50   0   0   0   0 100   0 100   0  50  50   0   0 100  50   0 100  50  50   0   0  50 100   0 100   0  10  10   0  50   0 100  50 100  50  50  50   0   0 100   0 100  50  50   0  10 
 10   0   0   0 100   0   0 100   0   0  50 100   0  50  10 100   0  50   0   0   0  50   0  50   0  50   0   0  10 100  10   0   0   0   0  10   0   0   0   0   0 100   0   0   0  10  10   0   0   0 100   0   0   0   0  50   0  10 100   0   0 
  0   0 100 100   0 100   0 100   0   0  10  10 100   0  50 100   0 100 100   0   0   0   0   0  50  50 100   0   0 100  10 100 100   0  10   0 100  10   0   0   0  50  10  50   0   0  10   0   0   0   0 100 100   0   0 100   0  50  50   0   0 
 50   0  50   0  10 100   0   0  10   0   0   0   0   0   0   0   0  50  50 100   0   0   0  50   0 100 100  50   0  10  10 100  50   0   0 100   0   0  50  10   0   0   0   0 100 100   0   0   0 100  10  10   0  50 100   0 100   0  10  50   0 
 10   0   0 100   0  50  10   0   0  10   0   0  10  50 100 100  50  10   0   0   0 100   0   0 100  50  50   0  10   0   0 100   0  10 100  10   0   0  10  10  10 100   0   0  10   0   0   0   0   0   0  10 100   0   0 100   0  10   0   0 100 
 50 100   0   0  10 100   0  50  10 100 100  10  10   0   0   0   0   0   0  10   0   0   0   0   0   0  10 100   0 100  10   0   0  10  10 100  10  10   0  50   0   0   0  10   0 100  50   0 100 100   0  50  50  10  50   0  10   0   0 100   0 
  0   0  50 100 100   0 100   0  50 100  50   0  50   0   0  10 100   0 100  10   0  50   0 100   0 100  50   0   0   0   0  10   0  50   0  50  10 100 100   0   0   0  10   0   0  50   0   0   0 100 100  50  50 100  50  10   0   0   0   0 100 
100  50 100   0 100   0   0 100 100   0  10   0   0 100  10  10  50 100 100   0 100   0  50   0   0   0 100   0  50   0  10  10  50  10   0  10   0 100   0  50 100   0  50  50   0   0   0  10   0 100   0  10   0   0   0  50   0 100   0   0  10 
  0 100   0   0  50  50  50 100   0   0 100   0  10   0   0   0   0   0   0  10   0 100 100   0  50  50   0  10   0  50  50  50   0   0  50  10 100   0  10  10   0   0  50 100   0 100 100 100   0 100   0   0  10   0   0   0 100   0 100  10   0 

OUT: 
1 2 8 1 4 5 5 2 7 3 5 3 8 3 6 2 8 4 5 3 3 8 5 3 4 8 7 5 6 3 7 7 4 7 3 6 5 8 4 8 1 3 5 5 3 2 7 4 2 2 8 7 8 4 8 4 6 5 8 2 5 
Quality of solution = 0.793592
Working time = 0.00146023s


TEST 59:
8
60 40 40 80 40 80 60 80 
36
20 10 5 20 10 20 10 10 10 5 10 10 20 20 20 10 20 20 10 10 10 10 20 20 10 10 5 10 10 10 20 20 20 20 10 5 
  0 100  50   0  10 100  10 100 100   0  50  50  50  50   0   0 100  50   0 100   0   0   0   0  50  50  10   0   0   0   0  50   0  10   0   0 
100   0 100   0   0   0   0 100  10   0   0  10   0   0 100   0 100  10 100   0  10  10   0   0 100   0  10   0  50   0   0   0  50  50  50   0 
 50 100   0 100   0   0   0 100 100  50   0   0  10   0   0   0 100   0   0  10   0   0 100   0   0 100  50  50  50   0   0   0  10   0   0   0 
  0   0 100   0   0  10   0   0 100   0   0   0  10   0   0   0   0  50  50  50   0 100  50  10   0   0   0   0 100  10   0   0   0   0   0   0 
 10   0   0   0   0   0  10   0 100   0   0   0   0 100  50 100   0   0   0  50   0   0  50 100  10   0   0   0  10  50   0  10 100 100   0  10 
100   0   0  10   0   0  50   0   0  10  50   0 100  10  10   0 100   0 100   0   0  10   0   0   0  50   0   0   0 100  10   0  50   0  50 100 
 10   0   0   0  10  50   0  50 100   0 100  50 100   0  10   0  50 100  50   0  10 100   0  50   0  50 100  10  10   0   0  50  50 100   0   0 
100 100 100   0   0   0  50   0 100   0  10  10   0   0   0 100 100   0   0   0 100   0   0   0   0 100  50 100  10   0 100  50  50   0  10   0 
100  10 100 100 100   0 100 100   0   0   0 100   0 100   0  50   0 100   0   0   0   0 100   0   0  50   0   0   0   0  50   0   0   0  50   0 
  0   0  50   0   0  10   0   0   0   0  50   0  50  10  50  50   0  50   0  50   0   0   0   0   0  10  50   0  50  50 100   0   0   0  10  10 
 50   0   0   0   0  50 100  10   0  50   0   0  50   0   0   0  10   0   0  50   0   0   0   0   0   0   0   0   0  10  50   0  50   0   0   0 
 50  10   0   0   0   0  50  10 100   0   0   0   0   0   0   0 100  10 100   0   0   0   0   0 100 100 100 100   0   0   0 100 100  50 100   0 
 50   0  10  10   0 100 100   0   0  50  50   0   0  50  10  50   0   0   0   0   0   0   0  50 100 100   0  50 100   0   0 100  10  10   0   0 
 50   0   0   0 100  10   0   0 100  10   0   0  50   0  50  10  10   0   0   0 100  50   0   0   0 100  10   0   0  10 100  10   0   0  50   0 
  0 100   0   0  50  10  10   0   0  50   0   0  10  50   0  50   0   0   0   0  10  10  10   0   0   0   0   0   0   0  50   0   0 100   0  10 
  0   0   0   0 100   0   0 100  50  50   0   0  50  10  50   0 100  10 100   0   0   0  10   0   0 100  50   0 100   0  50   0  10  10   0   0 
100 100 100   0   0 100  50 100   0   0  10 100   0  10   0 100   0   0   0 100  50   0 100   0   0   0  10 100  50  10 100   0   0   0  50   0 
 50  10   0  50   0   0 100   0 100  50   0  10   0   0   0  10   0   0   0   0  10   0  10   0   0   0   0   0  10  10  50   0   0   0   0   0 
  0 100   0  50   0 100  50   0   0   0   0 100   0   0   0 100   0   0   0 100 100   0  10   0  10 100   0   0  50  50   0  10   0   0   0   0 
100   0  10  50  50   0   0   0   0  50  50   0   0   0   0   0 100   0 100   0   0   0 100  10   0   0  10 100  50   0  10   0  50   0   0 100 
  0  10   0   0   0   0  10 100   0   0   0   0   0 100  10   0  50  10 100   0   0   0   0   0   0   0 100  50   0  50   0  10 100   0   0  50 
  0  10   0 100   0  10 100   0   0   0   0   0   0  50  10   0   0   0   0   0   0   0 100   0  10 100   0  10   0   0   0  10   0 100 100   0 
  0   0 100  50  50   0   0   0 100   0   0   0   0   0  10  10 100  10  10 100   0 100   0   0   0   0  50 100 100 100 100  10 100   0  50   0 
  0   0   0  10 100   0  50   0   0   0   0   0  50   0   0   0   0   0   0  10   0   0   0   0 100   0 100 100   0  10   0   0 100   0   0   0 
 50 100   0   0  10   0   0   0   0   0   0 100 100   0   0   0   0   0  10   0   0  10   0 100   0 100 100 100  10   0   0 100 100  50   0   0 
 50   0 100   0   0  50  50 100  50  10   0 100 100 100   0 100   0   0 100   0   0 100   0   0 100   0  50  50   0  10  10   0 100   0   0   0 
 10  10  50   0   0   0 100  50   0  50   0 100   0  10   0  50  10   0   0  10 100   0  50 100 100  50   0   0 100  50   0  50  10  10  50   0 
  0   0  50   0   0   0  10 100   0   0   0 100  50   0   0   0 100   0   0 100  50  10 100 100 100  50   0   0  10   0   0  10  10  50 100  50 
  0  50  50 100  10   0  10  10   0  50   0   0 100   0   0 100  50  10  50  50   0   0 100   0  10   0 100  10   0  50 100   0   0   0   0  50 
  0   0   0  10  50 100   0   0   0  50  10   0   0  10   0   0  10  10  50   0  50   0 100  10   0  10  50   0  50   0  10  10 100  50   0   0 
  0   0   0   0   0  10   0 100  50 100  50   0   0 100  50  50 100  50   0  10   0   0 100   0   0  10   0   0 100  10   0   0   0 100   0   0 
 50   0   0   0  10   0  50  50   0   0   0 100 100  10   0   0   0   0  10   0  10  10  10   0 100   0  50  10   0  10   0   0   0  10   0  50 
  0  50  10   0 100  50  50  50   0   0  50 100  10   0   0  10   0   0   0  50 100   0 100 100 100 100  10  10   0 100   0   0   0   0   0   0 
 10  50   0   0 100   0 100   0   0   0   0  50  10   0 100  10   0   0   0   0   0 100   0   0  50   0  10  50   0  50 100  10   0   0  50   0 
  0  50   0   0   0  50   0  10  50  10   0 100   0  50   0   0  50   0   0   0   0 100  50   0   0   0  50 100   0   0   0   0   0  50   0  50 
  0   0   0   0  10 100   0   0   0  10   0   0   0   0  10   0   0   0   0 100  50   0   0   0   0   0   0  50  50   0   0  50   0   0  50   0 

OUT: 
4 4 4 3 7 1 8 4 4 5 5 6 8 1 5 8 4 3 8 6 8 2 6 7 8 6 4 6 8 7 1 7 6 2 2 5 
Quality of solution = 0.76937
Working time = 0.000435743s

Тестирование завершено
