Начинаю тестирование 

TEST 0:
4
40 60 60 60 
11
10 5 20 10 5 10 20 20 20 5 5 
  0  50 100 100 100   0   0   0   0   0   0 
 50   0   0   0 100 100   0 100  50 100 100 
100   0   0 100  50 100  10 100  10  10   0 
100   0 100   0   0  10   0 100  50  50  50 
100 100  50   0   0   0   0   0  10 100  10 
  0 100 100  10   0   0   0   0  10  10 100 
  0   0  10   0   0   0   0  50   0   0  50 
  0 100 100 100   0   0  50   0  10  10 100 
  0  50  10  50  10  10   0  10   0  50 100 
  0 100  10  50 100  10   0  10  50   0  10 
  0 100   0  50  10 100  50 100 100  10   0 

OUT: 
2 2 2 2 2 4 3 3 4 2 2 
Quality of solution = 0.49537
Working time = 0.000274053s


TEST 1:
4
60 60 60 40 
14
10 5 10 5 10 20 10 20 10 10 5 5 5 5 
  0   0   0 100 100  10   0   0 100   0  10   0   0   0 
  0   0   0   0  50   0   0  50   0  50   0   0   0   0 
  0   0   0  50 100  10   0  50  50 100   0 100   0  10 
100   0  50   0   0   0   0  50   0 100  50  50   0   0 
100  50 100   0   0 100   0   0   0 100   0  50  50   0 
 10   0  10   0 100   0  10   0  10   0   0 100 100 100 
  0   0   0   0   0  10   0   0   0 100 100   0   0 100 
  0  50  50  50   0   0   0   0   0   0   0 100   0  50 
100   0  50   0   0  10   0   0   0   0  50   0   0   0 
  0  50 100 100 100   0 100   0   0   0  50   0   0  50 
 10   0   0  50   0   0 100   0  50  50   0  50  50   0 
  0   0 100  50  50 100   0 100   0   0  50   0   0   0 
  0   0   0   0  50 100   0   0   0   0  50   0   0   0 
  0   0  10   0   0 100 100  50   0  50   0   0   0   0 

OUT: 
1 3 1 1 1 1 2 3 2 2 2 1 2 2 
Quality of solution = 0.474104
Working time = 0.000350155s


TEST 2:
4
40 40 60 100 
11
20 5 10 20 5 5 10 20 20 5 20 
  0  50   0   0  10   0   0   0   0   0   0 
 50   0 100  50  10  10   0  50  50 100   0 
  0 100   0  50 100   0   0   0  10 100 100 
  0  50  50   0  10  10 100   0  10  50  50 
 10  10 100  10   0   0   0   0   0   0   0 
  0  10   0  10   0   0  10   0   0   0   0 
  0   0   0 100   0  10   0   0   0   0   0 
  0  50   0   0   0   0   0   0   0   0   0 
  0  50  10  10   0   0   0   0   0  10   0 
  0 100 100  50   0   0   0   0  10   0   0 
  0   0 100  50   0   0   0   0   0   0   0 

OUT: 
3 4 4 4 4 4 4 1 4 4 4 
Quality of solution = 0.105769
Working time = 0.000217645s


TEST 3:
4
60 60 40 60 
11
10 20 5 20 10 10 5 20 10 10 10 
  0   0  10   0  50   0 100   0   0   0  50 
  0   0   0   0   0   0 100   0  10   0   0 
 10   0   0 100   0   0   0   0 100   0   0 
  0   0 100   0   0   0   0  50   0  50   0 
 50   0   0   0   0 100  10  50   0  10  10 
  0   0   0   0 100   0   0   0 100  10   0 
100 100   0   0  10   0   0   0   0 100   0 
  0   0   0  50  50   0   0   0   0 100 100 
  0  10 100   0   0 100   0   0   0   0   0 
  0   0   0  50  10  10 100 100   0   0   0 
 50   0   0   0  10   0   0 100   0   0   0 

OUT: 
1 1 4 4 1 4 1 2 4 1 2 
Quality of solution = 0.363636
Working time = 0.000220699s


TEST 4:
4
40 80 60 40 
11
20 10 5 20 10 10 10 10 20 10 5 
  0 100  10  10 100 100 100 100   0 100   0 
100   0   0  10 100  50   0  50 100  50  10 
 10   0   0   0   0  10  10  50  50   0  10 
 10  10   0   0 100   0  50 100 100   0 100 
100 100   0 100   0 100   0   0   0  50 100 
100  50  10   0 100   0   0   0   0   0  50 
100   0  10  50   0   0   0   0   0  50  50 
100  50  50 100   0   0   0   0 100 100 100 
  0 100  50 100   0   0   0 100   0  10   0 
100  50   0   0  50   0  50 100  10   0   0 
  0  10  10 100 100  50  50 100   0   0   0 

OUT: 
2 2 2 3 2 2 3 2 3 2 2 
Quality of solution = 0.346491
Working time = 0.000212859s


TEST 5:
4
60 60 60 60 
11
10 20 20 5 20 20 5 10 20 5 5 
  0   0   0  10  10 100  10   0   0 100 100 
  0   0   0   0   0   0   0   0   0 100  10 
  0   0   0 100   0   0 100 100   0   0   0 
 10   0 100   0   0 100  10   0   0 100  10 
 10   0   0   0   0   0 100 100   0  50  50 
100   0   0 100   0   0   0   0   0   0 100 
 10   0 100  10 100   0   0 100   0 100   0 
  0   0 100   0 100   0 100   0   0 100  10 
  0   0   0   0   0   0   0   0   0 100  10 
100 100   0 100  50   0 100 100 100   0   0 
100  10   0  10  50 100   0  10  10   0   0 

OUT: 
1 4 3 1 2 1 1 1 2 1 1 
Quality of solution = 0.466292
Working time = 0.000217008s


TEST 6:
4
40 60 40 100 
13
10 5 20 10 5 20 10 10 20 5 10 10 5 
  0   0   0   0   0   0  10  10  50  50 100   0   0 
  0   0   0 100   0   0 100  10   0 100  10   0  10 
  0   0   0  10  10   0 100   0   0   0   0   0   0 
  0 100  10   0  50  10   0  10   0   0  10   0  50 
  0   0  10  50   0  10   0   0   0   0  10   0  10 
  0   0   0  10  10   0   0 100  10   0 100   0   0 
 10 100 100   0   0   0   0   0   0   0  10  10  50 
 10  10   0  10   0 100   0   0   0   0   0   0  10 
 50   0   0   0   0  10   0   0   0   0  10   0   0 
 50 100   0   0   0   0   0   0   0   0  50  50   0 
100  10   0  10  10 100  10   0  10  50   0  10   0 
  0   0   0   0   0   0  10   0   0  50  10   0  50 
  0  10   0  50  10   0  50  10   0   0   0  50   0 

OUT: 
4 4 4 4 4 2 4 2 2 4 4 4 4 
Quality of solution = 0.170543
Working time = 0.000282605s


TEST 7:
4
60 80 60 60 
12
10 10 20 20 20 5 20 5 5 20 10 10 
  0 100   0  50 100   0   0  10 100 100   0   0 
100   0 100   0 100   0 100 100 100 100   0  10 
  0 100   0   0   0  50   0   0   0 100   0   0 
 50   0   0   0   0  10  50 100   0   0   0 100 
100 100   0   0   0   0 100   0   0 100   0   0 
  0   0  50  10   0   0 100   0  10 100  10   0 
  0 100   0  50 100 100   0  50 100   0   0   0 
 10 100   0 100   0   0  50   0 100  10  10   0 
100 100   0   0   0  10 100 100   0   0   0 100 
100 100 100   0 100 100   0  10   0   0   0   0 
  0   0   0   0   0  10   0  10   0   0   0   0 
  0  10   0 100   0   0   0   0 100   0   0   0 

OUT: 
2 2 2 1 2 1 1 1 1 2 4 3 
Quality of solution = 0.418502
Working time = 0.000230724s


TEST 8:
4
80 40 60 60 
13
5 10 20 5 10 5 10 20 20 10 10 10 5 
  0   0 100 100 100 100   0   0  10  50   0   0   0 
  0   0  10   0  50   0  10 100   0  10 100 100  50 
100  10   0   0 100 100   0 100   0  10  10 100   0 
100   0   0   0   0 100   0  10   0   0   0   0  10 
100  50 100   0   0   0   0 100   0  50   0   0  10 
100   0 100 100   0   0 100  10   0  10  50   0   0 
  0  10   0   0   0 100   0  50  50   0  50 100 100 
  0 100 100  10 100  10  50   0   0   0   0  50 100 
 10   0   0   0   0   0  50   0   0   0   0   0  50 
 50  10  10   0  50  10   0   0   0   0  50   0 100 
  0 100  10   0   0  50  50   0   0  50   0   0 100 
  0 100 100   0   0   0 100  50   0   0   0   0   0 
  0  50   0  10  10   0 100 100  50 100 100   0   0 

OUT: 
1 1 1 1 1 1 3 1 3 3 3 3 1 
Quality of solution = 0.414062
Working time = 0.000267504s


TEST 9:
4
40 40 40 100 
14
10 10 10 5 20 5 5 10 5 5 5 20 10 10 
  0   0  50   0   0   0  50  10  50   0  10   0  50   0 
  0   0   0   0   0  10   0   0   0  50  50   0   0   0 
 50   0   0   0  50 100 100 100   0   0  10   0  10  50 
  0   0   0   0  50   0   0  50   0 100  10 100  50  10 
  0   0  50  50   0   0   0   0 100   0  50   0   0 100 
  0  10 100   0   0   0   0 100   0   0  50   0   0   0 
 50   0 100   0   0   0   0 100  10  10   0   0   0 100 
 10   0 100  50   0 100 100   0   0 100 100  10  50  10 
 50   0   0   0 100   0  10   0   0   0  50 100  50  50 
  0  50   0 100   0   0  10 100   0   0   0   0  50   0 
 10  50  10  10  50  50   0 100  50   0   0 100   0  50 
  0   0   0 100   0   0   0  10 100   0 100   0   0   0 
 50   0  10  50   0   0   0  50  50  50   0   0   0   0 
  0   0  50  10 100   0 100  10  50   0  50   0   0   0 

OUT: 
1 2 4 4 4 4 4 4 4 4 4 4 1 4 
Quality of solution = 0.199187
Working time = 0.000306061s

Тестирование завершено
